
Instancia: rat195-TTP
Tipo: bounded strongly corr
nItens:582
Número de mochileiros: 2
GRASP utilizada: 0
Valor da fOBJ: 79964.4
[2,3,15,16,14,27,28,29,17,18,4,5,6,19,20,7,8,9,10,21,32,30,31,33,44,43,42,41,40,53,54,55,56,57,45,46,47,34,22,23,24,11,12,25,35,36,48,49,37,50,38,39,26,13,51,52,61,59,60,58,71,69,68,67,66]
[195,389,1,390,2,196,391,3,197,392,198,4,393,5,199,394,6,200,201,395,7,202,8,396,397,203,9,398,204,10,205,11,399,12,206,400,207,401,13,208,402,14,403,209,15,16,404,210,405,17,211,406,212,18,213,407,19,214,20,408,21,409,215,216,22,410,217,23,411,412,218,24,413,219,25,414,220,26,415,27,221,28,416,222,417,29,223,224,418,30,419,31,225,420,32,226,227,421,33,228,422,34,423,229,35,424,230,36,425,37,231,426,38,232,427,39,233,234,428,40,429,41,235,430,236,42,431,43,237,432,44,238,45,433,239,46,240,434,435,47,241,436,48,242,243,49,437,244,438,50,51,439,245,440,246,52,441,53,247,442,248,54,443,55,249,444,56,250,445,57,251,446,252,58,253,447,59,448,254,60,453,454,66,455,261,262,456,458,264,70]
[68]
[67]
