124596
126717
128014
128670
129012
131039
136897
137480
137703
138847
141340
142193

Instancia: berlin52-TTP
Número de mochileiros: 3
GRASP utilizada: 1
Valor da fOBJ: 142193
[32,15,6,5,24,48,40,39,36]
[259,4,55,106,157,208,310,361,412,463,260,5,56,107,158,209,311,362,413,464,116	,14,65,167,218,269,320,371,422,473,278,23,74,125,176,227,329,380,431,482,133,392,35,86,137,188,239,290,341,443,494,344,89,497,294,345,39,90,141,192,243,396,447,498,47,98,149,200,251,302,353,404,455,506]
[31,18,22]
[170,17,68,119,221,272,323,374,425,476,72,21,123,174,276,327,378,480,225,429,285,30,81,132,183,234,336,387,438,489]
[44,34,35]
[390,33,84,135,186,237,288,339,441,492,85,349,94,43,145,196,247,298,400,451,502]
