
Instancia: a280-TTP
Tipo: uncorrelated
nItens:837
Número de mochileiros: 1
GRASP utilizada: 0
Valor da fOBJ: 53391
[5,6,7,9,8,10,11,12,15,13,14,24,23,25,22,26,27,28,29,32,31,30,125,124,123,122,126,127,128,129,154,155,153,130,21,20,19,132,133,18,17,16,271,272,273,274,275,276,277,4,3,280,2]
[280,1,559,281,2,560,561,3,282,562,5,284,563,285,6,565,7,8,287,566,288,9,568,10,11,290,569,12,291,570,571,13,293,572,14,294,15,573,16,295,574,17,296,575,18,297,576,19,298,577,578,20,579,300,21,301,580,23,302,581,24,582,583,25,305,584,306,585,27,307,586,28,308,29,587,588,30,309,31,310,400,121,679,122,401,680,681,402,124,403,682,125,683,684,126,405,406,127,407,128,686,129,408,687,131,410,689,411,132,690,152,431,710,432,153,711,712,433,154,270,549,828,271,550,829,551,272,830,273,552,831,274,832,553,275,554,833,276,555,834,837,279,558]

Instancia: a280-TTP
Tipo: uncorrelated
nItens:837
Número de mochileiros: 2
GRASP utilizada: 0
Valor da fOBJ: 42905.6
[2,242,243,241,244,247,250,249,256,254,253,208,206,205,207,212,213,216,215,214,211,210,209,252,255,257,258,259,265,264,263,262,261,260,275,276,277,4,3,280]
[280,1,559,2,281,560,3,282,561,483,204,762,205,763,484,764,206,485,486,207,765,487,208,766,488,767,209,768,210,489,490,211,491,770,213,492,771,772,214,493,494,215,773,519,240,798,241,520,521,800,522,801,804,525,246,806,248,527,528,249,807,530,809,531,252,810,811,253,533,254,813,255,534,256,535,814,536,815,257,258,537,816,538,817,259,539,260,818,540,261,819,262,541,820,821,542,263,264,543,274,553,832,275,554,833,276,555,834,279,558,837]
[]
[]

Instancia: a280-TTP
Tipo: uncorrelated
nItens:837
Número de mochileiros: 3
GRASP utilizada: 0
Valor da fOBJ: 75053.3
[2,242,243,241,244,247,250,249,256,255,253,208,206,207,212,213,214,211,210,209,252,254,257,258,259,262,263,264,265,266,139,149,148,147,146,143,142,141,140,138,137,268,136,135,269,270,134,133,132,19,18,17,261,260,277,278,279,3,280]
[280,1,559,281,2,560,295,574,16,575,17,296,297,18,576,131,410,689,411,132,690,412,133,691,134,413,692,693,135,414,136,694,137,416,695,138,417,418,139,697,698,140,419,141,699,421,142,700,703,145,146,704,426,147,705,427,148,706,205,763,484,764,206,485,486,765,207,208,487,766,488,767,209,768,210,489,490,211,491,770,213,492,771,519,240,798,241,521,800,522,525,804,246,806,528,249,807,530,809,531,252,811,253,533,254,813,255,534,256,535,536,257,815,258,537,816,538,817,259,539,260,818,540,261,819,262,541,821,263,542,264,543,544,823,546,267,825,268,547,548,827,269,276,555,834,277,556,835,278,557,836,279,837,558]
[]
[]
[5,6,7,9,8,10,11,12,13,14,15,16,271,272,273,274,275,276,4]
[3,282,561,562,563,284,5,285,6,7,565,286,8,287,566,288,9,567,568,10,11,569,290,291,570,12,571,13,292,293,14,572,294,573,15,828,549,270,829,271,550,551,830,272,273,552,831,274,832,553,275,554,833]

Instancia: a280-TTP
Tipo: uncorrelated
nItens:837
Número de mochileiros: 4
GRASP utilizada: 0
Valor da fOBJ: 55553.5
[277,276,275,274,273,272,271,16,15,14,13,12,11,10,9,8,7,6,5,4,278,279,3,280]
[281,2,560,3,561,282,562,283,563,5,284,285,6,565,7,286,8,287,566,288,9,567,10,568,11,290,569,12,291,570,571,13,292,14,293,572,294,15,573,828,270,549,271,550,829,272,551,830,273,552,831,274,832,553,275,554,833,276,555,834,277,835,556,278,557,836,279,558,837]
[]
[]
[]
[]
[2,242,243,241,244,247,250,248,249,256,255,253,208,206,205,207,212,213,216,215,214,211,210,209,252,254,257,258,259,261,260]
[280,1,559,483,204,762,484,205,763,764,206,485,486,765,207,208,487,766,767,209,488,768,210,489,490,211,491,212,770,213,492,771,772,214,493,494,215,773,519,240,798,241,520,799,521,800,242,522,801,525,246,804,526,247,805,806,248,527,528,807,249,530,809,531,252,810,811,253,532,533,254,255,534,813,256,535,814,536,257,815,258,537,816,538,817,259,539,260,818]

Instancia: a280-TTP
Tipo: uncorrelated
nItens:837
Número de mochileiros: 5
GRASP utilizada: 0
Valor da fOBJ: 48065.4
[2,242,241,240,246,239,238,237,231,232,233,236,235,234,224,225,226,227,228,229,230,251,249,256,255,254,253,208,206,205,207,212,213,216,217,220,221,222,219,218,215,214,211,210,209,252,250,247,244,243,3,280]
[280,1,559,281,2,560,483,204,762,205,484,763,764,206,485,486,765,207,208,487,766,488,209,767,768,210,489,490,211,770,491,771,492,213,772,214,493,215,494,773,216,495,774,496,217,775,218,497,498,219,777,778,220,499,779,500,221,781,223,502,224,503,782,225,504,783,784,226,505,506,227,228,507,786,229,508,787,230,509,788,510,231,789,232,511,790,233,512,791,513,792,514,515,236,794,795,517,238,796,797,519,798,240,241,520,521,800,242,522,801,245,524,803,804,525,246,806,248,527,528,249,807,250,529,808,530,809,252,531,810,811,253,533,254,255,813,534,558,279,837]
[]
[]
[]
[]
[]
[]
[]
[]

Instancia: a280-TTP
Tipo: uncorrelated
nItens:837
Número de mochileiros: 1
GRASP utilizada: 1
Valor da fOBJ: 53391
[5,6,7,9,8,10,11,12,15,13,14,24,23,25,22,26,27,28,29,32,31,30,125,124,123,122,126,127,128,129,154,155,153,130,21,20,19,132,133,18,17,16,271,272,273,274,275,276,277,4,3,280,2]
[280,1,559,281,2,560,3,561,282,562,563,5,284,285,6,565,7,8,287,566,288,9,10,568,11,569,290,12,570,291,571,13,293,572,14,294,15,573,16,295,574,17,296,575,18,297,576,19,298,577,578,20,579,21,300,301,580,23,581,302,24,582,25,583,305,584,27,585,306,307,28,586,308,29,587,588,309,30,31,310,400,121,679,122,401,680,681,402,124,403,682,125,683,684,126,405,406,127,128,407,686,129,687,408,131,410,689,132,411,690,152,710,431,432,153,711,712,154,433,549,270,828,271,550,829,272,551,830,273,552,831,832,274,553,275,554,833,276,555,834,558,837,279]

Instancia: a280-TTP
Tipo: uncorrelated
nItens:837
Número de mochileiros: 2
GRASP utilizada: 1
Valor da fOBJ: 85300.7
[5,6,7,9,8,10,11,12,15,13,14,24,23,25,22,26,27,28,29,31,32,33,34,35,36,37,38,39,40,41,42,43,60,64,67,70,71,72,66,65,63,62,118,61,121,122,123,124,125,126,127,128,130,21,20,19,132,133,18,17,16,271,272,273,274,275,276,277,4,3,280,2]
[280,1,559,281,2,560,3,561,282,562,5,284,563,6,285,7,565,8,566,288,10,568,11,569,290,291,570,12,571,293,572,15,294,16,295,574,17,296,575,18,297,576,19,298,577,20,578,579,300,21,580,301,23,581,302,24,582,25,583,305,584,306,27,585,307,28,586,588,309,30,31,311,33,591,592,313,34,314,593,315,36,594,316,37,317,38,596,318,39,597,40,319,598,41,320,42,338,59,617,60,339,61,340,619,62,620,342,621,63,343,65,344,623,66,345,624,627,69,348,349,70,628,71,350,117,396,675,120,399,121,400,679,122,401,680,681,402,124,403,682,125,683,126,405,684,127,406,129,408,687,410,131,411,132,690,549,828,829,271,550,551,272,830,273,831,832,274,553,275,554,833,276,834,555,558,279,837]
[242,241,244,247,250,252,206,196,194,193,197,201,202,203,204,205,207,208,253,254,256,249,243]
[192,471,750,472,193,751,474,195,753,196,475,754,479,200,758,480,201,759,202,481,760,482,761,203,483,762,204,484,205,763,764,206,485,486,765,207,798,519,240,241,520,799,521,800,242,522,801,525,246,804,806,248,527,807,528,249,530,809,531,252,810,811,253,532,255,534,813]

Instancia: a280-TTP
Tipo: uncorrelated
nItens:837
Número de mochileiros: 3
GRASP utilizada: 1
Valor da fOBJ: 79358.7
[2,242,244,248,249,250,247,245,246,238,237,233,228,227,226,225,224,234,235,236,232,231,239,240,241,243,280]
[280,1,559,781,223,502,503,224,782,225,504,783,784,505,226,506,227,785,230,788,509,510,789,231,232,511,790,512,233,791,513,792,514,235,793,515,794,236,795,237,517,796,238,239,518,797,519,798,240,241,520,799,521,800,242,522,801,244,523,802,245,803,524,804,525,246,526,247,805,806,248,527,807,528,249,279,837,558]
[5,6,7,9,8,10,11,12,15,13,14,24,23,25,22,26,27,28,29,32,31,30,125,124,123,122,126,127,128,129,154,155,153,156,152,151,178,177,176,181,180,179,150,130,21,20,19,132,133,18,17,16,271,272,273,274,275,276,277,4]
[3,561,282,562,5,284,563,285,6,7,565,8,566,288,10,568,11,569,290,291,12,570,13,571,293,572,14,294,15,573,16,295,574,17,296,575,18,297,576,19,298,577,578,20,579,21,300,301,580,23,581,302,24,582,25,583,305,584,306,585,27,307,586,28,308,29,587,588,30,309,31,400,121,679,122,401,680,681,402,124,403,682,125,683,684,126,405,406,127,407,128,129,687,408,131,410,689,411,132,690,428,149,707,429,150,708,709,430,151,152,431,710,432,153,711,712,433,154,434,713,733,454,734,176,455,456,457,178,736,458,179,737,180,459,828,549,270,271,550,829,551,830,272,273,552,831,832,274,553,275,554,833,276,555,834]
[278,279,3]
[281,2,560,277,556,835,278,557,836]

Instancia: a280-TTP
Tipo: uncorrelated
nItens:837
Número de mochileiros: 4
GRASP utilizada: 1
Valor da fOBJ: 77845.7
[280,247,250,249,255,254,253,252,209,208,206,205,213,212,207,210,211,214,215,220,222,219,218,231,239,241,242,2]
[559,280,1,483,762,204,205,484,763,764,206,485,486,765,207,208,487,766,488,209,767,768,489,210,490,211,770,491,212,771,213,492,214,772,493,496,217,775,497,218,776,498,777,219,500,221,779,230,788,509,517,796,238,519,798,240,241,520,799,525,804,246,806,248,527,807,249,528,530,809,531,810,252,811,253,533,254,279,558,837]
[24,23,25,22,26,27,28,29,31,32,33,34,35,39,40,41,42,60,61,127,128,21,130,19,133,18,17,16,271,273,275,276,277,4,3]
[281,2,3,561,282,294,15,573,295,574,16,17,575,296,297,18,576,578,20,579,21,300,580,301,23,581,302,24,582,25,583,305,584,306,585,27,307,586,28,588,30,309,31,310,311,32,590,33,312,591,313,592,34,317,38,596,318,597,39,40,319,598,41,320,599,338,59,617,339,60,684,126,405,406,127,129,408,687,411,132,690,828,549,270,551,830,272,274,553,832,275,554,833,276,555,834]
[5,6,7,8,10,9,261,260,259,258,257,256]
[562,563,284,5,285,6,565,7,286,8,287,566,288,9,567,813,255,534,256,814,535,536,815,537,538,817,539,260]
[237,236,235,234,226,227,228,233,232,246,244,243]
[225,504,783,505,784,226,506,227,510,789,231,232,511,512,233,791,513,792,514,515,794,521,800,242,522,801,243,245,803,524]

Instancia: a280-TTP
Tipo: uncorrelated
nItens:837
Número de mochileiros: 5
GRASP utilizada: 1
Valor da fOBJ: 75705.2
[277,276,275,273,272,271,16,17,18,133,134,269,268,136,137,138,149,148,146,145,143,142,141,140,265,259,3]
[281,560,2,294,15,573,295,574,16,575,17,296,411,132,690,412,133,691,693,135,414,136,694,415,695,137,416,697,418,139,698,419,140,141,699,421,142,700,423,144,702,145,424,703,705,426,147,427,706,148,537,264,543,822,546,267,825,268,547,549,828,270,829,271,550,551,830,272,832,274,553,275,554,833,276,555,834]
[5,4,248,243,241,244,247,250,249,252,210,211,213,212,207,206,208,253,254,256,278,279]
[561,282,3,562,205,763,484,764,206,485,765,486,207,767,209,488,768,210,489,490,211,769,770,491,212,519,798,240,521,800,242,522,801,525,804,246,526,805,247,806,248,527,528,249,807,530,809,531,252,810,811,253,532,255,813,534,277,556,835,278,557,836]
[239,238,237,236,235,234,225,226,227,233,231,246,242,2]
[559,280,1,503,782,224,225,504,783,784,505,226,230,509,788,232,511,790,512,233,791,513,792,514,235,793,515,794,236,795,237,517,796,238,520,241,799,245,803,524]
[280]
[558,837,279]
[7,8,10,11,12,13,29,31,33,32,28,27,26,22,25,23,24,14,15,9,6]
[563,284,5,285,6,565,7,286,8,287,288,9,568,10,11,569,290,291,12,570,571,13,572,14,293,579,301,580,23,581,302,24,25,583,305,306,27,585,28,586,307,588,309,30,31,311,32]

Instancia: berlin52-TTP
Tipo: uncorrelated
nItens:153
Número de mochileiros: 1
GRASP utilizada: 0
Valor da fOBJ: 24343.2
[18,31,21,23,20,50,16,44,37,5,15,6,4,25,48,24,38,40,39,34,35,36,49,32,22]
[3,105,54,55,106,5,56,107,116,14,65,117,15,66,17,68,70,19,121,71,20,122,21,72,123,73,124,23,125,74,24,75,126,30,132,31,82,133,33,135,84,136,34,85,86,35,137,87,36,138,37,88,139,89,38,140,141,39,94,43,145,47,149,48,99,150,100,151]

Instancia: berlin52-TTP
Tipo: uncorrelated
nItens:153
Número de mochileiros: 2
GRASP utilizada: 0
Valor da fOBJ: 25161.5
[23,20,50,16,44,46,37,5,15,6,4,25,48,24,38,40,39,34,35,36,49,32]
[3,54,105,55,106,5,56,107,14,65,116,117,15,66,70,19,121,73,124,125,23,74,24,75,126,31,82,133,33,135,84,136,34,85,86,35,137,87,36,138,37,88,139,89,38,140,141,39,94,43,145,45,96,147,47,149,48,99,150,100,151]
[18,21,31,22]
[17,68,119,122,71,20,72,21,123,30,132,81]

Instancia: berlin52-TTP
Tipo: uncorrelated
nItens:153
Número de mochileiros: 3
GRASP utilizada: 0
Valor da fOBJ: 26865.4
[49,36,35,34,39,40,48,24,6,4,15,5,38,37,46,16,44]
[3,54,105,106,55,5,56,107,65,14,116,117,15,66,23,125,74,33,135,84,136,34,86,137,35,87,36,138,37,88,139,89,140,38,141,39,94,43,145,45,96,147,47,149,99,48,150]
[50,20,23,21,31,22]
[70,19,121,122,71,20,72,21,123,73,22,124,132,30,81,100,49,151]
[32,45,19,8,41,3,18]
[53,2,104,7,58,109,17,68,119,120,18,69,82,31,133,40,91,142,44,95,146]

Instancia: berlin52-TTP
Tipo: uncorrelated
nItens:153
Número de mochileiros: 4
GRASP utilizada: 0
Valor da fOBJ: 25538.6
[35,34,37,48,24,25,4,6,15,5,38,40,39,36,49,32]
[3,54,105,55,106,5,56,107,65,116,14,125,23,74,24,126,75,31,82,133,33,135,84,136,34,85,86,35,137,87,36,138,37,88,139,89,38,140,141,39,90,47,149,48,99,150]
[18,21,31,22]
[17,68,119,122,71,20,72,21,123,132,30,81]
[23,20,50,16,46,44]
[66,117,15,19,70,121,73,124,94,145,43,45,147,96,49,100,151]
[]
[]

Instancia: berlin52-TTP
Tipo: uncorrelated
nItens:153
Número de mochileiros: 5
GRASP utilizada: 0
Valor da fOBJ: 26602.2
[4,12,28,27,26,25,6,15,40,39,34,35,36,49]
[3,105,54,5,56,107,62,11,113,116,14,65,75,126,24,25,76,127,77,26,128,27,129,78,33,135,84,136,34,85,86,35,137,89,38,140,141,39,90,48,99,150]
[18,21,31,22]
[17,68,119,71,20,122,21,72,123,132,81,30]
[23,20,50,32]
[70,19,121,73,22,124,31,133,82,100,49,151]
[]
[]
[37,38,5,24,48,46,16,44]
[106,55,117,66,15,125,74,23,87,36,138,37,88,139,94,43,145,45,96,147,47,149,98]

Instancia: berlin52-TTP
Tipo: uncorrelated
nItens:153
Número de mochileiros: 1
GRASP utilizada: 1
Valor da fOBJ: 22513.1
[21,23,20,50,16,44,34,37,48,24,6,4,15,5,38,40,39,36,35,49,32,18,31,22]
[3,105,54,55,106,5,56,65,14,116,117,15,66,17,68,119,70,19,121,71,20,122,21,72,123,73,124,23,125,74,132,30,81,31,82,133,33,135,84,136,34,86,35,137,87,36,138,37,88,139,89,38,140,141,39,94,43,145,47,149,99,48,150,100,151]

Instancia: berlin52-TTP
Tipo: uncorrelated
nItens:153
Número de mochileiros: 2
GRASP utilizada: 1
Valor da fOBJ: 23112.8
[35,34,37,48,24,5,6,4,15,38,40,39,36,49,32,18,21,31]
[3,54,105,55,106,5,56,107,14,65,116,17,68,119,122,71,20,125,74,23,30,81,132,31,82,133,33,135,84,136,34,86,35,137,87,36,138,37,88,139,89,38,140,141,39,47,149,48,99,150]
[22,23,20,50,16,46,44]
[117,66,15,70,121,19,72,21,73,124,94,43,145,45,96,147,49,100,151]

Instancia: berlin52-TTP
Tipo: uncorrelated
nItens:153
Número de mochileiros: 3
GRASP utilizada: 1
Valor da fOBJ: 23201.8
[24,4,25,48,37,34,35,36,49,32,31,21,18,22]
[3,54,105,17,68,119,122,20,71,21,72,123,125,23,74,24,126,75,132,30,81,31,82,133,33,135,84,34,136,85,86,137,35,87,36,138,47,149,48,99,150]
[44,46,16,50,20,23]
[117,15,66,70,19,121,73,22,124,94,145,43,45,96,147,49,100,151]
[15,6,5,38,40,39]
[106,55,4,5,56,107,65,116,14,37,88,139,89,38,140,90,141,39]

Instancia: berlin52-TTP
Tipo: uncorrelated
nItens:153
Número de mochileiros: 4
GRASP utilizada: 1
Valor da fOBJ: 24104.6
[40,38,5,15,6,4,25,24,48,37,39,36,49,32]
[3,54,105,55,106,5,56,107,14,65,116,125,23,74,24,126,75,31,133,82,86,35,137,87,36,138,37,88,139,89,38,140,141,39,47,98,149,48,99,150]
[35,34,46,16,44]
[66,15,117,33,135,84,136,34,85,94,145,43,45,96,147]
[18,21,31]
[17,68,119,122,20,71,30,81,132]
[50,20,23,22]
[70,19,121,72,123,21,73,22,124,151,100,49]

Instancia: berlin52-TTP
Tipo: uncorrelated
nItens:153
Número de mochileiros: 5
GRASP utilizada: 1
Valor da fOBJ: 26445.6
[35,34,39,36,49,32,18,31,22]
[17,68,119,21,72,123,132,81,30,31,82,133,33,135,84,136,34,85,86,35,137,38,140,89,99,48,150]
[23,30,2,7,42,21]
[103,1,52,6,108,57,71,20,122,73,124,80,29,131,41,92,143]
[4,12,28,27,26,25,6,5,15,40]
[3,54,105,55,106,5,107,56,62,11,113,65,116,14,24,126,75,25,76,127,128,26,77,27,129,78,141,39]
[44,46,16,50,20]
[66,15,117,70,121,19,94,145,43,45,96,147,49,100,151]
[48,24,38,37]
[125,23,74,87,36,138,88,37,139,47,98,149]

Instancia: berlin52-TTP
Tipo: uncorrelated
nItens:510
Número de mochileiros: 1
GRASP utilizada: 0
Valor da fOBJ: 55221
[39,40,38,15,6,5,24,48,37,34,35,36,49,32,22]
[412,361,157,208,259,463,106,362,311,158,260,209,413,5,464,56,218,116,65,371,167,320,269,14,422,429,480,378,174,21,276,72,225,327,125,23,431,380,482,329,74,278,176,227,31,82,490,388,133,235,439,33,339,135,288,186,84,492,390,441,136,442,187,34,238,340,493,86,35,137,239,290,392,443,494,291,342,189,36,393,87,138,240,444,495,343,241,37,88,496,190,293,89,38,140,497,344,395,446,498,345,192,141,294,39,396,447,506,302,353,149,47,456,99,48,252,150,201,507,405,354]

Instancia: berlin52-TTP
Tipo: uncorrelated
nItens:510
Número de mochileiros: 2
GRASP utilizada: 0
Valor da fOBJ: 55221
[39,40,38,15,6,5,24,48,37,34,35,36,49,32,22]
[157,106,208,259,463,361,412,260,5,56,158,209,311,362,413,464,65,14,116,167,218,269,320,371,422,429,480,276,225,174,72,21,327,378,125,431,482,23,329,380,74,176,227,278,490,388,82,133,31,235,439,33,135,186,288,84,492,339,390,441,136,442,187,34,238,340,493,86,35,137,239,290,494,392,443,291,342,87,36,444,495,138,189,240,393,343,190,241,37,88,496,293,497,89,38,446,140,344,395,498,345,192,294,447,39,141,396,506,353,302,47,149,456,48,99,252,507,201,150,354,405]
[]
[]

Instancia: berlin52-TTP
Tipo: uncorrelated
nItens:510
Número de mochileiros: 3
GRASP utilizada: 0
Valor da fOBJ: 57161
[49,32,18,31,22]
[17,476,221,425,374,119,68,323,272,170,429,480,174,276,225,72,378,21,123,327,438,132,387,30,183,81,285,489,490,82,31,133,235,388,286,439,456,99,48,150,201,303,354,405,507,252]
[39,40,38,5,6,24,48,37,34,35,36]
[412,361,55,106,157,208,259,310,463,362,158,260,311,209,413,5,56,107,464,125,23,431,482,380,74,176,227,278,329,339,33,186,135,390,84,442,136,187,86,290,291,87,393,36,189,342,444,138,240,495,343,241,190,496,37,88,139,292,445,293,446,38,89,140,191,242,344,395,497,498,192,447,345,141,294,39,396,353,302,47,149,200,404,455,506]
[]
[]

Instancia: berlin52-TTP
Tipo: uncorrelated
nItens:510
Número de mochileiros: 4
GRASP utilizada: 0
Valor da fOBJ: 57215.9
[39,40,38,15,6,5,24,37,34,35,36,49,32]
[55,106,157,208,259,310,361,412,463,158,5,56,209,260,311,362,413,464,218,14,65,116,167,269,320,371,422,125,23,74,176,227,278,329,380,431,482,490,388,82,286,439,31,133,235,339,33,390,288,135,492,186,84,237,441,442,136,187,34,493,238,340,391,86,35,137,239,494,290,341,392,443,291,393,342,36,444,87,138,189,240,495,37,89,38,140,446,497,293,344,395,498,447,345,192,39,141,294,396,456,99,48,354,507,252,150,201,303,405]
[31,18,22]
[17,221,374,68,272,119,476,170,425,323,378,480,174,429,225,21,276,72,123,327,438,387,285,30,489,183,81,132]
[]
[]
[]
[]

Instancia: berlin52-TTP
Tipo: uncorrelated
nItens:510
Número de mochileiros: 5
GRASP utilizada: 0
Valor da fOBJ: 57423.2
[44,34,37,48,24,5,6,15,38,40,39,36,35,49,32,22]
[412,463,106,157,208,259,361,260,5,56,158,209,311,362,413,464,65,422,116,167,218,269,320,371,429,480,174,378,276,21,72,225,327,23,74,125,176,227,278,329,380,431,482,490,31,82,388,133,33,390,135,288,441,186,492,339,136,34,493,187,238,340,442,86,35,137,494,392,290,443,87,36,138,189,240,291,342,393,444,495,241,37,88,343,190,496,497,38,89,140,395,446,293,344,39,141,192,294,345,396,447,498,400,43,94,145,196,298,349,451,502,47,302,353,506,48,456,99,354,252,150,201,507,405]
[]
[]
[]
[]
[]
[]
[]
[]

Instancia: berlin52-TTP
Tipo: uncorrelated
nItens:510
Número de mochileiros: 1
GRASP utilizada: 1
Valor da fOBJ: 57423.2
[44,34,37,48,24,5,6,15,38,40,39,36,35,49,32,22]
[412,361,157,208,463,259,106,362,260,158,311,413,5,209,56,464,167,218,116,65,269,371,320,422,429,480,174,276,378,21,225,72,327,125,23,329,431,482,380,74,176,278,227,490,82,388,31,133,33,390,339,186,135,288,441,492,136,187,34,238,340,442,493,86,35,137,494,290,392,443,291,87,393,189,342,36,444,138,495,240,343,190,241,496,37,88,293,446,497,89,38,140,395,344,498,192,345,141,447,39,294,396,400,43,94,145,196,298,349,451,502,506,47,302,353,456,48,99,252,507,150,354,201,405]

Instancia: berlin52-TTP
Tipo: uncorrelated
nItens:510
Número de mochileiros: 2
GRASP utilizada: 1
Valor da fOBJ: 59935.2
[37,48,24,6,15,5,38,40,49,32,22]
[412,157,463,361,106,208,259,310,260,5,56,158,209,311,362,413,464,65,14,116,167,218,269,320,371,422,429,378,480,225,21,72,276,174,327,125,431,329,482,74,23,176,227,278,380,490,82,388,31,235,439,133,291,87,393,189,342,36,138,495,240,444,343,190,496,37,88,139,241,498,447,192,141,294,345,39,396,506,47,302,353,149,456,99,252,354,507,201,150,48,405]
[35,36,39,34,44]
[390,492,33,135,186,339,288,84,441,136,85,187,442,34,238,340,493,392,290,188,341,86,35,137,239,494,443,446,38,497,140,395,242,191,293,89,344,196,94,145,400,43,451,502,349,247,298]

Instancia: berlin52-TTP
Tipo: uncorrelated
nItens:510
Número de mochileiros: 3
GRASP utilizada: 1
Valor da fOBJ: 57432.1
[22,32,49]
[429,174,276,225,480,72,21,123,327,378,490,388,31,133,439,235,184,286,82,337,456,48,252,354,99,150,201,303,405,507]
[31,18]
[17,476,68,119,170,221,272,323,374,425,387,132,30,285,438,489,81,183]
[34,37,48,24,6,15,5,38,40,39,36,35]
[412,361,208,106,463,55,157,259,310,362,158,260,413,5,311,209,464,56,107,167,116,218,65,14,269,320,371,422,431,23,125,329,380,74,176,227,278,482,33,339,186,390,288,84,135,237,441,492,136,442,187,86,291,393,342,36,87,138,189,240,444,495,343,190,496,37,88,139,241,292,445,293,140,344,497,498,345,192,447,39,396,506,302,353,47,149,455,404]

Instancia: berlin52-TTP
Tipo: uncorrelated
nItens:510
Número de mochileiros: 4
GRASP utilizada: 1
Valor da fOBJ: 61160.6
[49,32,18,31,22]
[17,221,476,272,68,119,170,323,374,425,429,378,174,276,225,480,21,327,72,123,438,285,387,132,489,30,81,183,31,490,82,388,235,439,133,286,456,99,48,252,354,507,150,201,405,303]
[5,6,4,15,38,40,39,36,35,34]
[3,360,156,411,309,258,462,54,105,412,55,106,157,208,259,463,361,209,5,464,362,311,158,260,413,218,65,167,33,390,135,339,186,288,84,237,441,492,136,442,187,86,343,190,241,293,446,89,497,344,140,38,242,395,498,447,192,141,345,294]
[44]
[196,349,400,145,451,94,298,502,247]
[24,48,37]
[482,380,74,125,431,23,329,176,227,278,291,87,342,189,393,138,240,444,36,495,506,302,47,353]

Instancia: berlin52-TTP
Tipo: uncorrelated
nItens:510
Número de mochileiros: 5
GRASP utilizada: 1
Valor da fOBJ: 52867.6
[34,35,36,49,32]
[490,388,31,133,82,286,235,184,337,439,33,339,390,186,135,84,237,441,492,288,136,442,34,85,238,340,391,493,187,86,35,137,188,239,290,341,392,443,494,456,99,48,252,507,354,150,201,303,405]
[31,18,22]
[17,221,374,170,323,476,425,119,272,68,378,429,174,276,21,480,327,72,225,123,438,132,285,30,489,183,387,81]
[]
[]
[]
[]
[37,24,5,15,40,39]
[412,157,361,208,463,55,106,259,310,218,14,65,116,167,269,320,125,431,329,482,23,74,176,227,278,380,291,393,189,342,87,36,138,240,444,495,89,344,38,395,140,191,293,446,497,242,498,141,294,192,447,345,39,90,396]

Instancia: dsj1000-TTP
Tipo: uncorrelated
nItens:2997
Número de mochileiros: 1
GRASP utilizada: 0
Valor da fOBJ: 211082
[817,728,21,871,659,422,829,896,997,666,373,207,769,893,634,864,255,202,57,614,279,876,44,340,360,900,192,40,229,632,285,505,321,635,447,704,567,49,854,452,832,575,31,511,806,636,763,557,539,992,811,800,777,18,364,642,600,994,200,510,466,312,76,499,122,690,64,662,180,830,538,892,825,248,884,601,260,610,544,514,655,256,562,386,741,266,882,679,320,409,178,822,755,942,296,420,268,104,30,738,98,824,153,290,125,907,781,245,603,433,448,773,332,988,169,253,467,495,916,550,417,774,74,416,355,143,780,749,571,488,459,708,392,484,435,384,219,649,729,339,862,648,541,205,959,629,787,378,623,703,243,547,112,878,396,117,657,576,287,826,398,314,604,80,52,275,937,842,182,964,387,615,967,372,190,150,512,727,561,952,797,620,292,858,521,348,633,196,608,624,250,385,757,971,77,300,324,914]
[17,1016,2015,20,1019,2027,1028,29,30,1029,2028,1038,39,2037,2041,43,1042,2046,48,1047,2049,51,1050,1055,56,2054,63,1062,2061,73,2073,75,1074,1075,76,2074,79,1078,2077,97,1096,2095,103,1102,1110,111,2109,2114,116,1115,121,1120,2119,2122,124,1123,142,1141,2140,1148,149,2147,152,1151,2150,168,1167,2166,1176,2175,179,1178,2177,2179,181,1180,1188,2187,189,1190,2189,2193,195,1194,199,1198,2197,2199,201,1200,1203,204,2202,206,1205,2204,1217,218,228,1227,2226,1241,242,2242,244,1243,1246,2245,249,1248,2247,252,1251,2250,1253,254,2252,255,259,1258,2257,1264,2263,1266,267,2265,2272,274,1273,1277,278,2276,284,1283,2282,2284,286,1285,2287,1288,291,1290,2289,295,1294,2293,1298,299,2297,311,1310,2309,313,2311,1312,2317,319,1318,1319,320,2318,323,1322,2321,331,1330,2329,338,1337,2336,339,2337,2345,347,1346,1353,354,2352,1358,359,2357,363,1362,2361,1370,371,2369,372,1371,2370,377,1376,2375,383,1382,384,1383,2382,1384,2383,386,1385,2384,2389,391,1390,1394,2393,395,2395,397,1396,408,1407,415,1414,2413,416,1415,2414,419,2417,1418,421,2419,1420,432,2430,1431,1433,434,2432,446,1445,2445,447,1446,2449,451,1450,458,1457,2456,465,1464,2463,1465,466,2464,483,1482,2481,487,1486,2485,494,1493,498,1497,2496,504,2502,509,2507,510,1509,511,1510,2509,513,2511,1512,2518,520,1519,1536,537,2535,538,1537,540,1539,2538,543,2541,546,1545,2544,549,1548,2547,556,1555,2554,2558,560,1559,2559,1560,561,1565,566,2564,570,1569,2568,574,1573,2572,2573,575,1574,599,1598,2597,2598,600,602,1601,2601,603,1602,1606,607,2605,1608,609,2611,613,1612,2612,614,1613,619,1618,2617,622,1621,2620,623,1622,2621,628,2626,1630,2629,632,1631,2630,633,1632,2631,634,1633,2632,2633,1634,2639,641,1640,647,2645,1647,2646,654,1653,656,2654,1655,658,2656,1660,661,2659,1664,665,2663,2676,1677,689,1688,2687,702,1701,2700,703,1702,2701,2705,707,1706,2724,726,1725,1726,2725,727,1727,728,2726,1736,737,2735,1739,740,2738,2746,748,1747,754,1753,2752,756,1755,2754,762,1761,2760,768,1767,2766,1771,772,773,1772,2771,2774,1775,779,1778,2777,780,1779,786,1785,2784,796,1795,2794,1798,2797,805,1804,2808,810,816,1815,2814,2819,1820,821,1822,823,2821,2822,824,1823,1824,825,2823,828,1827,2826,829,1828,2827,831,1830,2829,841,1840,2839,853,1852,857,1856,2855,861,2859,863,1862,2861,2868,870,1869,875,1874,2873,1876,2875,881,2879,2881,883,1882,2889,1890,892,1891,2890,895,2893,899,1898,2897,906,1905,2911,913,1912,915,1914,2913,936,1935,2934,2939,941,1940,951,1950,2949,958,1957,2956,963,1962,2961,1965,2964,1969,970,2968,987,2985,991,1990,993,1992,2991,996,1995,2994]

Instancia: dsj1000-TTP
Tipo: uncorrelated
nItens:2997
Número de mochileiros: 2
GRASP utilizada: 0
Valor da fOBJ: 186623
[250,624,21,871,659,422,829,662,896,997,666,373,207,40,632,76,499,122,690,64,43,532,145,747,406,438,953,299,930,180,830,538,892,825,248,884,601,260,620,292,797,952,610,514,386,741,882,679,266,562,256,655,544,512,727,150,190,561,858,521,196,608,633,348,534,524,385,757,971,77,300,324,914]
[1019,20,1038,39,2037,1041,42,2040,63,1062,2061,75,1074,2073,76,1075,2074,121,1120,2119,1143,144,2142,1148,149,2147,179,1178,2177,189,1188,2187,2193,195,1194,206,1205,2204,1246,247,2245,249,1248,2247,255,1254,2253,1258,259,2257,1264,265,2263,291,1290,2289,1297,298,2296,1298,299,2297,323,1322,2321,2345,347,1346,372,1371,2370,384,1383,2382,1384,385,2383,2403,405,1404,1420,421,2419,437,1436,2435,498,1497,2496,511,1510,2509,513,1512,2511,2518,520,1519,2521,1522,523,531,1530,2529,1532,533,2531,1536,537,2535,543,1542,2541,2558,560,1559,561,1560,2559,2598,600,1599,1606,607,2605,609,1608,1618,2617,619,623,1622,2621,2629,631,1630,1631,2630,632,654,1653,2652,658,1657,2656,1660,661,2659,1664,665,2663,1677,678,2676,689,1688,2687,726,1725,2724,1739,740,2738,746,1745,2744,756,1755,2754,796,1795,2794,2822,824,1823,828,1827,2826,829,1828,2827,2855,857,1856,2868,870,1869,881,1880,2879,2881,883,1882,891,1890,2889,895,1894,2893,1912,913,2911,2927,929,1928,951,1950,2949,952,1951,2950,1969,970,2968,996,1995,2994]
[817,728,769,893,634,255,202,57,614,864,900,279,876,44,340,360,192,229,312,466,510,200,994,832,575,31,511,600,806,636,18,364,642,800,777,557,763,539,992,811,744,325,291,120,760,987,199,748,594,237,621,865,16,356,140,682,979,139,970,714,42,672,750,836,71,652,996,528,917,164,664,658,734,94,345,431,310,479,686,452,854,49,567,704,447,635,321,505,285]
[1014,15,2013,2015,17,1016,2028,30,1029,2039,41,1040,2041,43,1042,2046,48,1047,1055,56,2054,70,1069,2068,93,1092,2091,2117,119,1118,2136,1137,138,2137,139,1138,163,1162,2161,1190,2189,191,198,1197,2196,1198,199,2197,2199,201,1200,2226,228,1227,1235,2234,236,1253,254,2252,278,1277,2276,1283,284,2282,2288,290,1289,309,1308,2307,311,2309,1310,2318,320,1319,1323,2322,324,339,1338,2337,344,1343,2342,1354,2353,355,1358,359,2357,2361,1362,363,430,1429,2428,1445,446,2444,2449,451,1450,465,1464,2463,1477,478,2476,2502,504,1503,509,2507,1509,510,2508,2525,527,1526,538,1537,2536,2554,1555,556,2564,566,1565,2572,574,1573,1592,593,2591,2597,599,1598,2611,613,1612,620,2618,1619,633,1632,2631,634,1633,2632,2633,1634,2639,641,1640,651,1650,657,1656,2655,2661,663,1662,671,1670,2669,681,1680,2679,1684,685,2683,703,2701,1702,1712,713,2711,1726,2725,727,733,1732,2731,2741,743,1742,747,1746,2745,1748,749,2747,1758,2757,759,2760,1761,762,1767,2766,768,2774,776,1775,1798,799,2797,1804,805,2803,2808,810,1809,2814,816,1815,1830,831,2829,835,1834,2833,853,1852,2851,863,1862,2861,864,1863,2862,875,1874,2873,1891,892,2890,899,1898,2897,1915,916,2914,1968,2967,2976,978,1977,986,1985,2984,991,1990,2989,993,1992,2991,1994,995,2993]

Instancia: dsj1000-TTP
Tipo: uncorrelated
nItens:2997
Número de mochileiros: 3
GRASP utilizada: 0
Valor da fOBJ: 200932
[324,300,77,971,757,385,534,524,659,422,248,825,892,538,830,829,373,666,997,896,662,64,690,122,499,76,312,510,466,635,704,567,854,49,200,994,832,575,31,511,806,636,364,18,777,557,763,987,760,120,291,325,744,811,992,539,800,145,532,747,406,438,953,299,930,180,871,728,817]
[17,1016,2015,2028,30,1029,2046,48,1047,2061,63,1062,2073,75,1074,1075,76,2074,2117,119,1118,121,1120,2119,1143,144,2142,179,1178,2177,1198,199,2197,1246,247,2245,2288,290,1289,298,1297,2296,1298,299,2297,311,2309,1310,323,1322,2321,324,1323,2322,363,1362,2361,2370,372,1371,384,1383,2382,2403,1404,405,421,1420,2419,1436,437,2435,465,1464,2463,498,1497,2496,509,1508,2507,1509,510,2508,2521,523,1522,531,1530,2529,533,1532,2531,1536,537,2535,538,1537,2536,1555,2554,556,566,1565,2564,2572,574,1573,2632,634,1633,2633,635,1634,658,1657,2656,1660,661,2659,2663,665,1664,1688,689,2687,703,1702,2701,1726,727,2725,2741,743,1742,746,1745,2744,756,1755,2754,1758,759,2757,762,1761,2760,2774,1775,776,1798,799,2797,1804,805,2803,2808,810,1809,2814,1815,816,2822,824,1823,2826,828,1827,1828,2827,829,1830,2829,831,1852,853,2851,2868,870,1869,891,1890,2889,895,2893,1894,929,1928,2927,952,1951,2950,1969,2968,986,1985,2984,991,1990,2989,993,1992,2991,996,2994,1995]
[769,893,634,864,255,202,57,614,279,876,44,340,900,192,40,632,229,360,447,600,199,748,594,237,865,621,45,996,528,917,164,664,979,139,970,714,42,786,560,694,210,66,96,208,439,980,172,449,331,249,329,368,658,734,431,310,479,345,94,682,140,356,16,686,452,321,505,285,207,914]
[1014,15,2013,1038,39,2037,41,1040,2039,2041,43,1042,2042,44,1055,56,2054,2063,1064,65,93,2091,1092,2093,95,1094,2136,1137,138,2137,139,1138,1162,163,2161,171,1170,2169,1190,2189,191,198,1197,2196,2199,201,1200,206,1205,2204,207,1206,2205,2207,209,1208,2226,228,1227,2234,1235,236,2246,248,1247,1253,254,2252,1277,278,2276,1283,2282,284,309,1308,2307,2318,1319,320,328,1327,2326,330,1329,2328,339,2337,1338,2342,1343,344,1354,355,2353,1358,359,2357,367,2365,1366,2428,430,1429,1437,2436,438,1445,446,448,1447,2446,2449,451,1450,2476,1477,478,2502,504,1503,2525,527,1526,2557,1558,559,1592,2591,593,2597,599,1598,2611,613,1612,620,2618,1619,1630,2629,631,633,1632,2631,2655,1656,657,2661,1662,663,681,1680,2679,1684,685,2683,2691,693,1692,1712,713,2711,733,1732,2731,1746,747,2745,2766,1767,768,2783,785,1784,2861,863,1862,864,1863,2862,1874,875,2873,1891,892,2890,899,1898,2897,2911,1912,913,1915,916,2914,1968,2967,978,1977,2976,2977,979,1994,2993,995]
[250,624,608,196,633,348,615,387,372,967,521,858,620,884,601,260,797,561,727,150,190,655,256,386,741,882,679,266,562,514,544,512,610,952,292,21]
[2018,1019,20,1148,2147,149,1188,189,2187,2193,195,1194,1248,249,2247,255,1254,2253,259,1258,2257,1264,2263,265,291,2289,1290,347,1346,2345,2369,371,1370,2383,1384,385,1385,386,2384,511,1510,2509,513,2511,1512,2518,520,1519,543,1542,2541,2558,560,1559,2559,1560,561,2598,600,1599,1606,607,2605,1608,609,2607,2612,614,1613,2617,1618,619,2621,623,1622,1631,632,2630,654,1653,2652,1677,678,2676,2724,726,1725,1739,2738,740,796,1795,2794,2855,857,1856,881,2879,1880,2881,883,1882,951,1950,2949,1965,966,2964]

Instancia: dsj1000-TTP
Tipo: uncorrelated
nItens:2997
Número de mochileiros: 4
GRASP utilizada: 0
Valor da fOBJ: 194059
[538,830,829,662,896,997,666,64,690,122,499,76,312,466,510,200,994,600,642,364,18,636,806,511,31,575,832,452,854,49,567,704,447,635,321,505,285,632,229,40,192,900,340,44,876,279,614,57,202,255,864,634,893,769,207,914,21,250,624,608,196,633,348,521,858,561,190,150,727,512,544,655,256,562,514,610,952,797,292,620,884,601,260,651,141,280,152,248,422,659,871]
[17,1016,2015,1019,20,30,1029,2028,1038,2037,39,2041,43,1042,2046,48,1047,1055,56,2054,2061,63,1062,2073,75,1074,121,1120,2119,1139,2138,140,1148,149,2147,2149,151,1150,189,1188,2187,1190,2189,191,2193,195,1194,1198,199,2197,2199,201,1200,206,1205,2204,2226,228,1227,1246,2245,247,1248,249,2247,1253,254,2252,255,1254,2253,259,1258,2257,278,1277,2276,279,1278,2277,1283,2282,284,291,1290,2289,2309,1310,311,2318,320,1319,339,1338,2337,347,1346,2345,363,1362,2361,1420,421,2419,1445,446,2449,451,1450,465,1464,2463,498,2496,1497,2502,504,1503,509,2507,1509,510,2508,511,1510,2509,513,1512,2511,2518,520,1519,1536,537,2535,543,2541,2558,560,1559,561,1560,2559,566,1565,2564,574,1573,2572,599,1598,2597,2598,600,1599,2605,1606,607,609,1608,2611,613,1612,619,1618,2617,2621,623,1622,1630,2629,631,1631,2630,632,633,1632,2631,634,1633,2632,2633,1634,2639,641,1640,1649,2648,654,1653,2652,658,1657,2656,1660,661,2659,2663,665,1664,1688,689,2687,2701,703,1702,726,1725,2724,1767,2766,768,796,1795,2794,805,1804,2803,2826,1827,828,1828,2827,829,831,1830,2829,853,1852,2851,2855,857,1856,2861,863,1862,2868,1869,870,875,1874,2873,2881,883,1882,1891,892,2890,895,1894,2893,899,1898,2897,2911,1912,913,951,1950,2949,993,1992,2991,996,2994,1995]
[324,300,971,757,534,524,385,77]
[1075,76,2074,2297,1298,299,2321,323,1322,384,1383,2382,2521,1522,523,533,1532,2531,756,2754,1755,970,1969,2968]
[728,817]
[1726,2725,727,816,2814,1815]
[180,930,299,953,438,406,747,145,777,557,763,199,748,594,237,865,621,45,16,356,140,682,658,734,94,345,479,310,431,368,329,249,331,172,449,66,210,694,560,96,208,786,42,714,970,139,979,664,164,917,528,996,650,977,931,305,291,120,760,987,325,744,811,992,539,800,532,43,373]
[15,1014,2013,41,1040,2039,42,1041,2040,2042,44,2063,65,1064,93,1092,2091,2093,95,1094,2117,119,1118,1137,138,2136,2137,139,1138,1143,144,2142,163,1162,2161,171,1170,2169,1178,2177,179,198,1197,2196,207,1206,2205,209,1208,2207,1235,236,2234,2246,248,1247,2288,1289,290,298,1297,2296,2302,1303,304,309,1308,2307,1323,324,2322,328,1327,2326,330,1329,2328,2342,344,1343,355,1354,2353,367,1366,2365,2370,372,1371,2403,405,1404,2428,430,1429,437,1436,2435,448,1447,2446,478,1477,2476,2525,527,1526,531,1530,2529,538,1537,2536,1555,2554,556,1558,559,2557,593,1592,2591,620,1619,2618,2647,649,1648,657,1656,2655,663,1662,2661,681,1680,2679,693,1692,2691,713,1712,2711,733,1732,2731,743,1742,2741,746,1745,2744,747,1746,2745,1758,2757,759,2760,762,1761,2774,1775,776,785,1784,2783,1798,799,2797,2808,810,1809,864,1863,2862,1915,916,2914,2927,929,1928,930,1929,2928,952,1951,2950,1968,2967,1975,2974,976,978,1977,2976,986,1985,2984,991,1990,2989,1994,995,2993]

Instancia: dsj1000-TTP
Tipo: uncorrelated
nItens:2997
Número de mochileiros: 5
GRASP utilizada: 0
Valor da fOBJ: 275601
[871,659,422,248,538,830,180,829,662,64,690,122,499,76,312,466,510,200,994,600,642,364,18,800,539,992,811,744,325,291,120,760,237,594,748,199,987,763,557,777,636,806,511,31,575,832,452,854,49,567,704,447,635,321,505,285,632,229,40,192,900,340,44,876,279,614,57,202,255,864,634,893,769,914]
[17,1016,2015,30,1029,2028,1038,39,2037,2041,43,1042,2046,48,1047,1055,2054,56,2061,63,1062,2073,1074,75,2117,119,1118,121,1120,2119,1178,179,2177,1190,2189,191,198,1197,2196,1198,199,2197,2199,1200,201,2226,228,1227,236,1235,2234,1246,247,2245,1253,2252,254,278,1277,2276,1283,2282,284,2288,290,1289,311,2309,1310,2318,320,1319,324,1323,2322,339,1338,2337,363,1362,2361,1420,421,2419,446,1445,2444,2449,451,1450,465,1464,2463,498,2496,1497,2502,504,1503,509,2507,1509,510,2508,1536,537,2535,538,1537,2536,1555,556,2554,566,1565,2564,574,1573,2572,1592,593,2591,599,1598,2597,2611,1612,613,1630,2629,631,633,1632,2631,634,2632,1633,2633,635,1634,2639,641,1640,658,1657,2656,1660,661,2659,689,1688,2687,2701,703,1702,2741,743,1742,747,1746,2745,1758,759,2757,762,1761,2760,1767,2766,768,776,1775,2774,1798,799,2797,805,1804,2803,2808,810,1809,2826,828,1827,1828,2827,829,831,1830,2829,1852,853,2851,2861,863,1862,2868,1869,870,875,1874,2873,1891,892,2890,899,1898,2897,1912,2911,913,986,1985,2984,991,1990,2989,993,1992,2991]
[21,858,292,620,260,601,884,797,952,561,610,512,727,190,150,544,514,386,741,882,679,937,52,80,275,409,320,266,562,256,655,842,182,964,387,615,372,967,348,521,633,196,608,624,250,728,817]
[1019,20,2049,51,1050,1078,2077,79,1148,2147,149,2179,181,1180,2187,189,1188,2193,195,1194,1248,249,2247,255,1254,2253,1258,259,2257,1264,2263,265,2272,274,1273,291,1290,2289,2317,319,1318,347,1346,2345,2369,371,1370,2383,385,1384,1385,386,2384,1407,408,2406,511,1510,2509,2511,513,1512,2518,520,1519,543,2541,2558,560,1559,2559,561,1560,2598,600,1599,1606,2605,607,1608,609,2612,614,1613,2617,1618,619,2621,623,1622,1631,2630,632,654,1653,2652,2676,1677,678,2724,726,1725,1726,2725,727,1739,740,2738,796,1795,2794,2814,1815,816,841,1840,2839,2855,857,1856,881,2879,1880,2881,883,1882,936,2934,1935,951,1950,2949,1962,963,2961,1965,966,2964]
[385,524,534,757,971,77]
[1075,2074,76,384,2382,1383,2521,1522,523,1532,533,2531,756,2754,1755,1969,970,2968]
[300,324]
[1298,299,2297,2321,1322,323]
[207,373,666,997,896,930,299,532,145,747,953,406,438,259,555,32,798,857,494,687,656,213,83,743,904,612,695,114,940,51,257,269,556,619,111,840,337,566,935,680,756,170,720,23,646,62,982,905,217,906,349,281,921,28,478,605,587,527,582,540,390,186,570,990,531,336,376,579,226,149,855,391,821,974,819,796,711,788,592,885,47,72,989,427,204,925,158,593,493,535,486,115,908,400,428,155,641,681,141,280,651,152,825,892]
[1021,2020,27,1026,2025,31,1030,2029,2044,46,1045,2048,50,1049,61,1060,2059,1070,71,2069,1081,82,2080,1109,110,2108,113,1112,2111,1113,114,2112,1139,140,2138,1143,144,2142,2146,148,1147,2149,151,1150,154,1153,2152,157,1156,2155,169,1168,2167,1184,185,2183,1202,203,2201,206,1205,2204,2210,1211,212,216,1215,2214,225,1224,2223,2254,256,1255,1257,258,2256,268,1267,2266,279,1278,2277,280,2278,1279,298,1297,2296,1334,335,2333,2334,1335,1347,348,2346,2370,372,1371,1374,375,389,1388,2387,2388,390,1389,2397,1398,399,2403,405,1404,1425,426,2424,427,1426,2425,437,1436,2435,1476,477,2475,2483,1484,485,492,2490,1491,2491,1492,493,2524,526,1525,530,1529,2528,531,1530,2529,1533,2532,534,539,1538,2537,554,1553,2552,1554,555,2553,1564,565,2563,569,1568,2567,578,2576,1577,2579,581,1580,2584,1585,586,1590,591,2589,1591,592,2590,2602,1603,604,1610,611,2609,1617,2616,2638,640,1639,645,1644,2643,1649,2648,655,1654,2653,2663,665,1664,679,2677,680,1679,2678,2684,686,1685,1693,694,2692,710,1709,2708,1718,719,2717,2740,1741,742,746,1745,2744,1754,755,2753,787,1786,2785,795,1794,2793,797,1796,2795,818,1817,2816,1819,2818,820,1823,824,2822,2837,839,1838,2852,854,1853,856,1855,2854,1883,884,2882,2889,891,1890,895,2893,1894,1902,2901,904,1903,2902,905,1904,2903,1906,907,2905,920,2918,1919,1923,2922,924,929,1928,2927,934,1933,2932,939,1938,2937,952,1951,2950,1972,2971,973,981,1980,2979,988,1987,2986,989,1988,2987,996,2994,1995]

Instancia: dsj1000-TTP
Tipo: uncorrelated
nItens:2997
Número de mochileiros: 1
GRASP utilizada: 1
Valor da fOBJ: 143846
[324,300,77,971,757,385,524,534,348,615,372,967,858,521,633,196,608,624,250,21,207,769,893,634,864,255,202,57,614,279,876,44,340,360,900,192,40,229,632,285,505,321,635,447,704,567,854,49,200,994,452,832,575,31,511,600,806,636,777,557,763,987,760,120,291,325,744,811,992,539,800,18,364,642,510,466,312,76,499,122,690,64,666,373,997,896,662,829,180,830,538,892,825,248,620,292,797,952,561,610,512,727,190,150,544,514,655,256,562,266,679,882,741,386,280,141,651,152,260,601,884,422,659,871,728,817,914]
[17,1016,2015,1019,20,30,1029,2028,1038,39,2037,2041,43,1042,2046,48,1047,1055,56,2054,63,1062,2061,2073,75,1074,76,1075,2074,2117,119,1118,121,1120,2119,1139,140,2138,2147,1148,149,2149,151,1150,179,1178,2177,2187,189,1188,1190,191,2189,2193,195,1194,199,1198,2197,2199,201,1200,206,1205,2204,228,1227,2226,1246,247,2245,249,1248,2247,1253,254,2252,255,1254,2253,1258,259,2257,1264,2263,265,1277,278,2276,279,1278,2277,284,1283,2282,2288,290,1289,291,1290,2289,1298,2297,311,1310,2309,1319,320,2318,323,1322,2321,324,1323,2322,339,1338,2337,2345,347,1346,1358,359,2357,363,1362,2361,2369,371,1370,372,1371,2370,384,1383,2382,2383,1384,385,421,1420,2419,446,1445,2449,451,1450,465,1464,2463,498,1497,2496,504,1503,2502,509,2507,510,1509,2508,511,1510,2509,513,1512,2511,2518,520,1519,2521,523,1522,533,1532,1536,537,2535,538,1537,2536,543,2541,1555,556,2554,2558,560,1559,2559,561,1560,566,1565,2564,574,1573,2572,599,1598,2597,2598,600,1599,1606,607,2605,1608,609,2611,613,1612,2612,614,1613,2617,1618,619,623,1622,2621,1630,631,2629,632,1631,2630,633,1632,2631,634,1633,2632,2633,1634,2639,641,1640,1649,2648,654,1653,2652,658,1657,2656,1660,661,2659,665,1664,2663,1677,678,2676,689,1688,2687,703,1702,2701,2724,726,1725,1726,727,2725,1739,740,2738,2741,743,1742,756,1755,2754,1758,759,2757,762,1761,2760,768,1767,2766,1775,776,2774,796,1795,2794,1798,799,2797,805,1804,2808,810,1809,816,1815,2814,2822,824,1823,828,1827,2826,829,1828,2827,831,1830,2829,853,1852,2851,2855,857,1856,863,1862,2861,2868,1869,870,875,1874,2873,881,2879,1880,2881,883,1882,891,1890,2889,892,1891,2890,895,1894,2893,899,1898,2897,1912,2911,913,951,1950,2949,1965,2964,1969,2968,986,1985,2984,991,1990,2989,993,1992,2991,996,1995,2994]

Instancia: dsj1000-TTP
Tipo: uncorrelated
nItens:2997
Número de mochileiros: 2
GRASP utilizada: 1
Valor da fOBJ: 160711
[871,422,248,884,601,260,620,292,797,952,610,514,386,741,882,679,266,562,256,655,544,512,727,150,190,561,858,521,615,372,967,348,534,524,633,196,608,624,250,21,659,538,830,180,829,896,997,662,930,299,953,438,406,747,532,145,800,642,806,636,364,18,777,557,763,539,992,811,744,325,987,760,120,291,305,931,977,650,996,621,865,237,594,748,199,31,511,600,575,832,452,994,200,49,854,567,704,447,635,321,505,285,312,466,510,76,499,122,690,64,666,373,207,914]
[17,1016,2015,1019,20,30,1029,2028,2046,48,1047,2061,63,1062,2073,75,1074,2117,119,1118,121,1120,2119,1143,2142,144,1148,149,2147,1178,179,2177,189,1188,2187,2193,195,1194,198,1197,2196,1198,199,2197,206,1205,2204,1235,236,2234,1246,247,2245,249,1248,2247,255,1254,2253,259,1258,2257,1264,265,2263,1283,2282,284,2288,290,1289,291,1290,2289,298,1297,2296,1303,304,2302,311,1310,2309,2318,1319,320,1323,2322,324,347,1346,2345,363,1362,2361,2369,371,1370,2370,372,1371,1384,2383,2403,405,1404,1420,421,2419,437,1436,2435,1445,446,2444,2449,451,1450,465,2463,1464,498,1497,2496,504,2502,1503,509,1508,2507,1509,510,2508,511,1510,2509,513,1512,2511,2518,520,1519,2521,523,1522,531,1530,2529,533,1532,2531,1536,537,2535,538,1537,2536,543,2541,1555,2554,556,2558,560,1559,561,1560,2559,566,1565,2564,2572,574,1573,1592,2591,593,2597,599,1598,2598,600,1606,2605,607,609,1608,2612,614,1613,1618,619,2617,620,1619,2618,2621,623,1622,1631,632,2630,634,2632,1633,1634,2633,2639,641,1640,1648,649,2647,654,1653,2652,658,1657,2656,1660,2659,661,2663,665,1664,1677,678,2676,1688,689,2687,2701,703,1702,726,1725,2724,1739,740,2738,743,2741,1742,746,1745,2744,1746,747,2745,1758,2757,759,2760,762,1761,2774,776,1775,796,1795,2794,1798,799,2797,805,1804,2803,2808,810,1809,2826,828,1827,1828,2827,829,831,1830,2829,1852,853,2851,2855,857,1856,864,1863,2862,2868,1869,870,881,1880,2879,883,1882,2881,895,2893,1894,2911,1912,913,2927,929,1928,930,1929,2928,951,1950,2949,952,1951,2950,1965,2964,1975,976,2974,986,1985,2984,991,1990,2989,993,1992,2991,1994,995,2993,996,2994,1995]
[817,728,77,385,757,971,634,40,632,229,192,900,360,340,44,876,279,614,57,202,255,864,893,769,300,324]
[39,1038,2037,43,1042,2041,1055,2054,56,2074,76,1075,1190,2189,191,2199,201,1200,2226,228,1227,1253,254,2252,1277,278,2276,1298,2297,299,2321,323,1322,339,1338,2337,1358,359,2357,384,1383,2382,2611,613,1612,1630,631,2629,633,1632,2631,2725,1726,727,756,2754,1755,2766,768,1767,2814,816,1815,2861,863,1862,1874,2873,875,1891,892,2890,899,1898,2897,1969,2968]

Instancia: dsj1000-TTP
Tipo: uncorrelated
nItens:2997
Número de mochileiros: 3
GRASP utilizada: 1
Valor da fOBJ: 239226
[21,624,608,196,633,348,615,372,967,521,858,561,544,514,386,741,409,275,937,52,80,314,604,886,236,238,339,862,648,541,219,649,729,644,484,708,392,435,384,749,780,571,488,459,143,355,416,74,774,417,550,916,253,169,852,467,495,959,629,205,787,378,907,781,245,125,290,153,986,585,533,824,98,738,623,703,243,547,112,878,396,117,657,576,287,826,398,822,178,755,104,30,420,268,296,942,262,702,320,679,882,266,562,256,655,190,150,727,512,610,952,797,292,620,260,601,884,248,422,659,871,728,817,324,914]
[1019,20,2027,29,1028,51,1050,2049,73,1072,1078,2077,79,1096,97,2095,103,1102,1110,111,2109,116,1115,2114,124,1123,2122,142,1141,2140,2147,149,1148,152,1151,2150,168,1167,2166,1176,177,2175,2187,189,1188,2193,195,1194,2202,204,1203,218,1217,1234,235,2233,237,1236,2235,1241,242,2240,2242,244,1243,1246,247,2245,252,1251,2250,255,1254,2253,259,1258,2257,261,2259,1260,1264,2263,265,267,1266,2265,2272,274,1273,286,1285,2284,2287,1288,1290,291,2289,295,1294,2293,313,1312,2311,2317,319,1318,1322,323,2321,338,1337,2336,347,1346,2345,354,1353,2352,2369,371,1370,377,1376,2375,383,1382,2383,1384,2389,391,1390,395,1394,2393,2395,397,1396,408,1407,2406,1414,415,2413,416,1415,2414,419,1418,2417,421,1420,2419,1433,434,2432,458,1457,2456,1465,466,2464,483,1482,2481,487,1486,2485,494,1493,511,1510,2509,513,1512,2511,2518,520,1519,1531,532,2530,540,1539,2538,543,2541,546,1545,2544,549,1548,2547,560,1559,2558,2559,561,1560,570,1569,2568,2573,575,1574,1583,584,2582,2598,600,1599,2601,1602,603,1606,607,2605,1608,609,2612,614,1613,2617,1618,619,2620,622,1621,2621,623,1622,628,2626,1631,2630,632,643,1642,2641,647,2645,1647,2646,654,1653,2652,656,2654,1655,658,1657,2656,2676,678,1677,2699,701,1700,702,1701,2700,2705,707,1706,2724,726,1725,1726,727,2725,1727,728,2726,1736,737,2735,1739,740,2738,748,1747,2746,754,1753,2752,773,1772,2771,779,1778,2777,780,1779,2778,786,1785,2784,796,1795,2794,816,1815,2814,821,2819,1820,823,1822,2821,1824,2823,825,851,1850,2849,2855,857,1856,861,2859,2868,1869,870,1876,2875,2879,881,1880,883,1882,2881,885,1884,2883,906,1905,2904,1912,2911,913,915,1914,2913,936,1935,2934,2939,1940,941,951,1950,2949,958,1957,2956,1965,2964,1984,985,2983]
[250,524,534,385,757,971,77,300]
[2074,76,1075,1248,249,2247,1298,299,2297,384,1383,2382,2521,523,1522,533,2531,1532,756,1755,2754,1969,970,2968]
[769,893,634,255,202,57,614,864,900,279,876,44,340,360,447,704,567,635,466,510,200,49,854,994,452,832,575,31,511,600,806,636,364,18,777,539,992,811,744,325,291,120,760,987,763,557,800,145,532,747,406,438,953,299,930,662,896,997,666,373,829,830,538,180,64,690,122,499,76,312,321,505,285,632,229,192,40,207]
[2015,17,1016,30,2028,1029,2037,1038,39,2041,43,1042,48,1047,2046,1055,56,2054,2061,63,1062,75,1074,2073,2117,119,1118,121,1120,2119,1143,144,2142,179,1178,2177,1190,2189,191,1198,199,2197,2199,201,1200,206,2204,1205,2226,228,1227,1253,254,2252,1277,278,2276,1283,2282,284,2288,290,1289,1297,2296,298,311,1310,2309,2318,320,1319,1323,324,2322,339,1338,2337,1358,2357,359,363,1362,2361,2370,372,1371,2403,405,1404,437,1436,2435,1445,446,2449,451,1450,465,1464,2463,498,2496,1497,2502,504,1503,509,2507,1509,510,2508,1530,531,2529,1536,537,2535,538,1537,2536,1555,556,2554,566,1565,2564,2572,574,1573,2597,599,1598,2611,613,1612,1630,2629,631,633,1632,2631,634,2632,1633,2633,1634,1660,661,2659,2663,665,1664,1688,689,2687,703,1702,2701,2741,743,1742,746,1745,2744,1758,759,2757,2760,762,1761,2766,1767,768,2774,1775,776,2797,799,1798,805,1804,2803,2808,810,1809,2826,828,1827,1828,2827,829,831,1830,2829,853,1852,2851,2861,863,1862,875,1874,2873,1891,2890,892,895,1894,2893,899,1898,2897,2927,1928,929,952,2950,1951,986,1985,2984,991,1990,2989,993,1992,2991,996,2994,1995]

Instancia: dsj1000-TTP
Tipo: uncorrelated
nItens:2997
Número de mochileiros: 4
GRASP utilizada: 1
Valor da fOBJ: 236745
[21,884,601,260,514,386,741,937,52,80,604,314,822,178,755,942,296,420,268,104,30,738,98,824,533,585,986,153,290,125,907,781,245,603,433,448,988,332,773,759,366,416,355,143,459,488,571,749,780,74,774,417,550,916,253,169,852,467,495,959,384,435,392,708,484,219,649,729,339,862,648,541,205,629,787,378,623,703,243,547,112,878,396,117,657,576,287,826,398,591,275,409,320,679,882,266,562,256,655,544,512,610,952,797,620,292,659,871,914]
[1019,20,2027,1028,29,2049,1050,51,73,1072,2077,1078,79,97,1096,2095,103,1102,111,1110,2109,2114,116,1115,1123,124,2122,142,1141,2140,152,1151,2150,168,1167,2166,1176,2175,177,2202,204,1203,218,1217,242,1241,2240,2242,244,1243,252,1251,2250,255,1254,2253,259,1258,2257,1264,2263,265,267,1266,2265,2272,274,1273,2284,286,1285,2287,1288,291,1290,2289,295,1294,2293,313,2311,1312,2317,319,1318,331,1330,2329,338,1337,2336,354,1353,2352,365,2363,1364,377,1376,2375,383,1382,2383,1384,2389,391,1390,395,1394,2393,2395,397,1396,1407,408,2406,415,1414,2413,416,1415,2414,419,1418,2417,432,2430,1431,1433,434,2432,447,2445,1446,458,1457,2456,466,1465,2464,483,1482,2481,2485,487,1486,1493,494,511,1510,2509,513,1512,2511,1531,2530,540,1539,2538,2541,543,1542,546,1545,2544,549,1548,2547,1560,2559,561,570,1569,2568,2573,575,1574,1583,584,2582,590,1589,2598,600,602,1601,2600,2601,603,1602,609,1608,2607,2617,1618,619,2620,622,1621,628,2626,647,1646,2645,1647,2646,654,1653,2652,2654,656,1655,658,1657,2656,1677,2676,678,702,1701,2700,2705,707,1706,728,1727,2726,1736,737,2735,1739,740,2738,748,1747,2746,754,1753,2752,2756,1757,758,1771,772,2770,773,1772,2771,779,1778,2777,1779,780,2778,786,1785,2784,796,1795,2794,821,2819,1820,823,1822,2821,1824,2823,825,851,1850,2849,861,1860,2859,2868,870,1869,1876,2875,881,1880,2879,883,1882,2881,906,1905,2904,1912,2911,913,915,1914,2913,936,1935,2934,2939,941,1940,951,1950,2949,958,1957,2956,1984,985,2983,987,1986,2985]
[817,728,250,624,608,196,422,248,825,892,538,830,180,829,662,896,997,373,666,64,690,122,499,76,312,466,510,200,994,600,642,364,18,800,539,992,811,744,325,291,120,760,987,763,557,777,636,806,511,31,575,832,452,854,49,567,704,447,635,321,505,285,632,229,40,192,900,340,44,876,279,614,57,202,255,864,634,893,769,207]
[17,1016,2015,30,1029,2028,1038,39,2037,2041,43,1042,2046,48,1047,1055,56,2054,2061,63,1062,2073,75,1074,2117,119,1118,121,1120,2119,179,1178,2177,1190,2189,191,2193,195,1194,1198,199,2197,2199,201,1200,206,1205,2204,2226,228,1227,1246,247,2245,1248,249,2247,1253,254,2252,1277,278,2276,1283,2282,284,2288,290,1289,311,2309,1310,2318,1319,320,324,1323,2322,339,1338,2337,363,1362,2361,372,1371,2370,421,2419,1420,1445,446,2444,2449,451,1450,465,1464,2463,498,2496,1497,2502,504,1503,509,2507,1509,510,2508,1536,537,2535,538,1537,2536,1555,556,2554,566,1565,2564,574,1573,2572,599,1598,2597,1606,2605,607,2611,1612,613,2621,623,1622,1630,2629,631,633,1632,2631,634,2632,1633,2633,635,1634,2639,641,1640,1660,661,2659,2663,665,1664,689,1688,2687,2701,703,1702,1726,2725,727,2741,743,1742,1758,759,2757,762,1761,2760,2766,768,1767,776,1775,2774,1798,799,2797,805,1804,2803,2808,810,1809,2814,1815,816,1823,824,2822,2826,828,1827,1828,829,2827,831,1830,2829,853,1852,2851,2861,863,1862,875,1874,2873,2889,891,1890,1891,892,2890,895,1894,2893,899,1898,2897,986,1985,2984,991,1990,2989,993,1992,2991,996,2994,1995]
[300,77,971,757,385,524,534,633,521,348,967,372,615,387,964,182,842,190,150,727,561,858]
[1075,76,2074,1148,149,2147,2179,181,1180,1188,189,2187,1298,299,2297,2345,347,1346,2369,371,1370,384,2382,1383,386,1385,2384,2518,520,1519,2521,1522,523,1532,533,2531,2558,560,1559,1613,614,2612,632,2630,1631,1725,2724,726,756,2754,1755,841,1840,2839,2855,857,1856,963,1962,2961,1965,966,2964,1969,2968]
[324]
[2321,323,1322]

Instancia: dsj1000-TTP
Tipo: uncorrelated
nItens:2997
Número de mochileiros: 5
GRASP utilizada: 1
Valor da fOBJ: 268184
[871,422,248,884,601,260,610,544,514,655,256,562,386,741,266,882,679,320,409,275,937,52,80,842,182,964,387,615,967,372,190,150,512,727,561,952,797,620,292,21]
[1019,20,2018,2049,1050,51,79,1078,2077,1148,149,2147,2179,181,1180,1188,2187,189,1246,247,2245,255,1254,2253,1258,259,2257,1264,2263,265,2272,1273,274,291,1290,2289,2317,319,1318,2369,371,1370,1384,385,2383,386,1385,2384,1407,408,2406,1420,421,2419,511,1510,2509,513,2511,1512,543,2541,2558,560,1559,2559,1560,561,2598,600,1599,1608,609,1613,614,2612,2617,619,1618,654,1653,2652,1677,678,2676,2724,726,1725,1739,740,2738,796,1795,2794,841,1840,2839,2868,870,1869,2879,881,1880,883,1882,2881,936,2934,1935,951,1950,2949,963,1962,2961,1965,966,2964]
[769,893,864,279,876,44,340,900,192,229,632,285,505,321,635,447,704,567,854,49,200,994,452,832,575,31,511,600,806,636,777,557,763,987,760,120,291,325,744,811,992,539,800,18,364,642,510,466,312,76,499,122,690,64,662,896,997,666,373,829,180,830,538,659,624,608,196,858,521,348,633,534,524,385,757,971,300]
[17,1016,2015,30,1029,2028,2041,43,1042,48,1047,2046,2061,63,1062,2073,75,1074,2117,119,1118,121,1120,2119,179,1178,2177,1190,2189,191,2193,195,1194,199,1198,2197,2226,1227,228,1277,278,2276,1283,2282,284,2288,290,1289,1298,2297,299,311,2309,1310,2318,320,1319,324,1323,2322,339,2337,1338,347,1346,2345,363,1362,2361,2370,372,1371,384,1383,2382,1445,446,2449,451,1450,465,1464,2463,498,2496,1497,504,1503,2502,509,1508,2507,510,1509,2508,520,1519,2518,2521,1522,523,533,1532,2531,2535,1536,537,538,1537,2536,1555,556,2554,566,1565,2564,574,1573,2572,599,1598,2597,1606,2605,607,1622,2621,623,1630,2629,631,632,2630,1631,634,1633,2632,1634,2633,2639,641,1640,658,1657,2656,1660,661,2659,2663,665,1664,689,1688,2687,703,1702,2701,2741,743,1742,756,2754,1755,1758,759,2757,762,1761,2760,1767,768,2766,1775,776,2774,1798,799,2797,805,1804,2803,2808,810,1809,2826,828,1827,2827,829,1828,831,1830,2829,853,1852,2851,2855,857,1856,2861,863,1862,1874,2873,875,1891,2890,892,895,1894,2893,899,1898,2897,2968,970,1969,986,1985,2984,991,1990,2989,993,1992,2991,2994,996,1995]
[892,825,259,555,32,798,857,494,868,114,695,612,904,940,51,257,269,226,149,855,391,821,974,819,796,711,788,592,885,47,72,989,427,204,115,400,908,535,486,493,593,925,158,217,906,905,23,646,982,62,349,281,921,28,478,134,587,605,337,566,170,720,756,680,935,840,111,527,582,556,619,579,376,336,540,390,531,186,990,570,740,99,965,677,995,944,83,743,213,656,687,438,406,953,747,145,532,43,930,299]
[1021,2020,27,1026,2025,1030,31,2029,1041,42,2040,2044,46,1045,50,1049,2048,61,1060,2059,71,1070,2069,1081,82,2080,1097,98,2096,1109,110,2108,113,1112,2111,2112,114,1113,1132,133,2131,1143,144,2142,2146,148,1147,157,1156,2155,169,1168,2167,1184,185,2183,1202,203,2201,2210,212,1211,216,1215,2214,225,1224,2223,256,1255,2254,1257,258,2256,268,1267,2266,280,1279,2278,1297,298,2296,335,1334,2333,2334,1335,348,1347,2346,375,1374,389,1388,2387,390,1389,2388,2397,399,1398,1404,405,2403,426,1425,2424,437,1436,2435,1476,477,2475,1484,485,2483,492,1491,2490,493,1492,2491,526,1525,2524,530,1529,2528,531,1530,2529,534,1533,2532,539,1538,2537,554,1553,2552,1554,555,2553,565,1564,2563,569,1568,2567,578,1577,2576,581,1580,2579,2584,586,1585,1590,591,2589,592,1591,2590,604,1603,2602,1610,611,2609,1617,2616,645,1644,2643,655,1654,2653,676,1675,2674,679,2677,686,1685,2684,694,1693,2692,710,1709,2708,719,1718,2717,739,1738,2737,742,1741,2740,746,1745,2744,1754,755,2753,787,1786,2785,1794,795,2793,2795,1796,797,2816,818,1817,1819,820,2818,2822,824,1823,839,1838,2837,854,1853,2852,856,1855,2854,1866,867,2865,884,1883,2882,2889,891,1890,1902,2901,904,1903,2902,905,1904,2903,907,1906,2905,920,1919,2918,924,1923,2922,929,1928,2927,934,1933,2932,939,1938,2937,943,1942,2941,952,1951,2950,964,1963,2962,973,1972,2971,981,1980,2979,988,1987,2986,989,1988,2987,994,1993,2992]
[914,324,77,250,728,817]
[1075,76,2074,1248,249,2247,2321,1322,323,727,2725,1726,816,2814,1815,1912,2911,913]
[207,40,614,57,202,255,634]
[2037,39,1038,2054,56,1055,2199,1200,201,2204,206,1205,1253,254,2252,2611,613,1612,633,1632,2631]

Instancia: pcb3038-TTP
Tipo: uncorrelated
nItens:9111
Número de mochileiros: 1
GRASP utilizada: 0
Valor da fOBJ: 166637
[11,162,134,163,161,164,184,173,174,175,342,343,344,336,337,325,326,335,327,328,329,533,535,534,536,537,539,538,526,525,524,516,517,518,759,761,762,763,764,765,766,760,519,523,520,521,522,527,532,530,528,529,531,330,331,332,334,341,339,338,185,340,176,179,177,181,178,182,180,186,197,200,201,364,349,363,362,361,360,359,358,357,368,210,209,208,207,199,206,205,204,203,202,198,189,190,191,192,193,195,194,137,33,34,35,68,36,37,38,39,40,30,29,28,27,26,25,24,23,22,21,31,32,188,187,172,171,170,169,168,136,167,166,165,135,12,13,14,15,16,17,18,19,20,10,9,8,7,6,5,4,3,2]
[6075,1,3038,6076,2,3039,3,3040,6077,3041,4,6078,5,3042,6079,6,3043,6080,7,3044,6081,8,3045,6082,3046,9,6083,3047,10,6084,11,3048,6085,12,3049,6086,13,3050,6087,14,3051,6088,6089,15,3052,16,3053,6090,17,3054,6091,18,3055,6092,19,3056,6093,3057,20,6094,21,3058,6095,3059,22,6096,23,3060,6097,24,3061,6098,25,3062,6099,3063,26,6100,27,3064,6101,28,3065,6102,3066,29,6103,6104,30,3067,31,3068,6105,6106,32,3069,33,3070,6107,34,3071,6108,6109,35,3072,36,3073,6110,37,3074,6111,38,3075,6112,6113,39,3076,67,3104,6141,3170,6207,133,134,3171,6208,135,3172,6209,6210,136,3173,160,3197,6234,161,3198,6235,3199,6236,6237,163,3200,164,3201,6238,165,3202,6239,166,3203,6240,167,3204,6241,168,3205,6242,6243,169,3206,6244,170,3207,171,3208,6245,172,6246,3209,173,6247,3210,174,3211,6248,6249,3212,175,176,3213,6250,3214,177,6251,3215,178,6252,3216,179,6253,180,3217,6254,181,3218,6255,3220,183,6257,3221,6258,184,3222,185,6259,186,3223,6260,187,3224,6261,6262,188,3225,189,3226,6263,190,3227,6264,6265,191,3228,192,3229,6266,3230,193,6267,194,3231,6268,196,3233,6270,6271,197,3234,6272,198,3235,199,6273,3237,200,6274,3238,201,6275,202,3239,6276,6277,203,3240,3241,204,6278,205,3242,6279,206,3243,6280,207,3244,208,3245,6282,209,3246,6283,324,3361,6398,6399,325,3362,3363,326,6400,6401,327,3364,328,3365,6402,329,6403,330,3367,6404,3368,331,6405,6407,333,3370,334,3371,335,3372,6409,3373,6410,6411,337,3374,338,3375,6412,339,6413,3376,3377,340,6414,3378,6415,341,3379,6416,342,3380,343,6422,348,3385,3393,356,6430,357,3394,6431,358,3395,6432,359,3396,6433,360,3397,6434,361,3398,6435,362,3399,6436,363,3400,6437,367,3404,6441,515,3552,6589,3553,516,6590,517,3554,6591,518,3555,6592,519,3556,6593,6594,520,3557,521,3558,6595,522,3559,6596,3560,523,6597,3561,524,6598,525,3562,6599,526,3563,6600,527,3564,6601,528,3565,6602,6603,529,3566,530,3567,6604,531,3568,6605,3569,532,6606,533,3570,6607,534,3571,6608,535,3572,536,3573,6610,537,3574,6611,538,3575,6612,3795,758,6832,6833,759,3796,760,3797,6834,761,3798,6835,762,3799,6836,763,3800,6837,764,3801,6838,765,3802,6839]

Instancia: pcb3038-TTP
Tipo: uncorrelated
nItens:9111
Número de mochileiros: 2
GRASP utilizada: 0
Valor da fOBJ: 285092
[2,3,4,5,6,7,8,9,10,31,32,33,137,190,191,192,193,194,195,198,197,200,201,202,364,349,363,362,361,360,203,204,205,206,199,207,359,358,357,368,367,366,365,560,561,559,562,563,564,566,567,568,569,558,557,543,544,545,346,350,351,352,565,353,354,355,356,572,573,371,370,374,375,376,377,378,597,596,598,599,600,601,602,603,591,590,589,579,580,581,587,582,804,812,815,814,813,811,805,806,810,809,808,807,583,584,585,586,605,606,607,608,609,610,611,612,613,614,615,633,632,616,617,626,618,619,620,621,622,623,624,627,628,401,421,420,419,418,417,416,415,414,413,412,411,409,408,407,406,405,404,403,402,394,393,395,399,396,397,398,392,381,380,379,382,383,372,373,391,390,389,388,387,386,385,384,400,432,236,237,235,234,233,227,232,231,224,225,226,222,221,220,219,218,223,217,216,215,45,44,58,47,48,49,50,51,52,53,54,55,56,57,67,138,66,65,64,63,62,61,60,59,46,42,41,43,40,30,29,39,38,28,27,37,36,26,25,68,35,34,24,23,22,21,20,19,18,17,16,15,14,13,12]
[6075,3038,1,2,3039,6076,3,6077,3040,3041,6078,5,6079,3042,3043,6,6080,7,3044,6081,8,3045,6082,6083,3046,9,3048,6085,11,12,3049,6086,3050,13,6087,3051,14,6088,6089,15,3052,16,3053,6090,17,3054,6091,6092,18,3055,19,3056,6093,20,3057,6094,6095,3058,21,3059,6096,22,3060,23,6097,24,6098,3061,6099,25,3062,26,3063,6100,27,3064,6101,28,3065,6102,29,3066,6103,6104,30,31,3068,6105,6106,32,3069,33,6107,3070,34,3071,6108,6109,35,3072,36,3073,6110,3074,37,6111,3075,38,6112,6113,39,3076,40,3077,6114,3078,41,6115,3079,42,6116,6117,43,3080,6118,3081,44,3082,45,6119,6120,3083,46,3084,47,6121,48,3085,6122,3086,49,6123,6124,50,3087,51,3088,6125,6126,52,3089,53,3090,6127,54,3091,6128,3092,55,6129,3093,56,6130,3094,57,6131,6132,58,3095,59,3096,6133,60,3097,6134,61,3098,6135,62,3099,6136,63,3100,6137,64,3101,6138,65,3102,6139,66,3103,6140,6141,67,3104,6210,136,3173,3174,137,6211,189,3226,6263,190,6264,6265,191,3228,192,3229,6266,3230,193,6267,194,3231,6268,196,3233,6270,6271,197,3234,6272,198,3235,199,6273,200,3237,6274,3238,201,6275,202,3239,6276,6277,203,3240,6278,3241,204,3242,205,6279,206,3243,6280,3251,6288,214,6289,215,3252,6290,3253,216,3254,6291,217,6292,218,3255,219,3256,6293,220,3257,6294,6295,221,3258,3259,222,6296,3260,223,6297,3261,224,6298,3262,225,6299,226,3263,6300,230,3267,6304,231,3268,6305,232,3269,6306,233,3270,6307,6308,3271,6309,3272,235,3273,236,345,6419,348,3385,6422,3386,349,6423,350,3387,6424,6425,351,3388,6426,3389,353,3390,6427,3391,354,6428,3392,355,6429,3393,6430,356,3394,357,6431,6432,358,3395,359,3396,6433,360,3397,6434,361,3398,6435,362,3399,3400,363,3401,364,6438,365,3402,6439,366,3403,367,6441,3404,6443,3406,369,3407,6444,370,6445,371,3408,372,3409,6446,373,3410,6447,3411,374,6448,375,3412,6449,376,6450,3413,377,3414,378,6452,3415,3416,379,6453,380,3417,6454,381,3418,6455,382,3419,6456,383,3420,6457,3421,384,6458,3422,385,6459,386,3423,6460,387,3424,6461,388,3425,6462,389,3426,6463,390,3427,6464,6465,391,3428,392,3429,6466,6467,393,3430,6468,3431,6469,3432,395,3433,6470,396,397,6471,3434,3435,398,6472,399,3436,6473,400,6474,3437,6475,401,3438,3439,402,6476,403,6477,3441,404,6478,6479,405,3442,406,3443,6480,3444,407,6481,6482,408,3445,410,3447,6484,411,3448,6485,412,3449,6486,413,3450,6487,414,3451,6488,3452,415,6489,416,3453,6490,6491,417,3454,3455,418,6492,6493,419,3456,3457,6494,431,3468,6505,542,3579,6616,543,3580,6617,3581,544,6618,556,3593,6630,3594,557,6631,558,3595,6632,3596,559,6633,560,3597,6634,561,3598,6635,562,3599,6636,563,3600,6637,6638,565,3602,6639,3603,566,6640,6641,567,3604,568,3605,6642,571,3608,6645,572,3609,6646,6652,578,3615,6653,579,3616,580,3617,6654,3618,581,6655,582,3619,6656,6657,583,3620,3621,584,6658,6659,585,3622,586,3623,6660,588,3625,6662,3626,6663,590,3627,6664,6669,595,3632,3633,596,6670,597,6671,3634,3635,598,6672,3636,6673,599,6674,600,601,3638,6675,602,3639,6676,6678,604,3641,3642,605,6679,606,3643,6680,6681,607,3644,608,3645,6682,609,3646,6683,3647,610,6684,3648,611,6685,3649,612,6686,3650,613,6687,3651,614,6688,615,3652,6689,616,3653,6690,3654,617,6691,3655,3656,619,6693,620,3657,6694,621,3658,6695,3659,622,6696,6697,623,3660,6699,625,3662,3663,626,6700,3664,627,6701,3668,631,6705,3669,632,6706,3840,803,6877,804,3841,6878,3842,805,6879,806,3843,6880,807,3844,6881,3845,808,6882,809,3846,3847,810,6884,811,3848,6885,6886,3849,813,6887,6888,814,3851]
[162,134,163,161,164,165,166,167,168,169,170,136,135,11]
[3047,10,6084,3170,6207,133,134,3171,6208,135,3172,6209,160,3197,6234,161,6235,3198,3199,162,6236,163,3200,6237,164,3201,6238,165,3202,6239,166,3203,6240,167,3204,6241,168,3205,6242,6243,169,3206]

Instancia: pcb3038-TTP
Tipo: uncorrelated
nItens:9111
Número de mochileiros: 3
GRASP utilizada: 0
Valor da fOBJ: 216983
[12,11,162,134,163,161,164,184,173,174,175,176,179,177,181,178,338,185,340,339,341,342,334,335,336,343,344,337,325,326,327,328,329,533,535,534,536,537,539,538,526,525,524,516,517,518,759,761,762,763,764,765,766,760,519,523,520,521,522,527,532,530,528,529,531,330,331,332,346,350,351,352,353,565,567,566,564,563,354,355,356,365,573,572,561,560,562,559,550,782,783,784,785,786,787,553,571,554,570,552,551,556,555,549,548,547,558,568,569,557,543,544,545,345,347,180,182,186,197,200,201,364,349,363,362,361,360,359,358,357,368,210,209,208,207,199,206,205,204,203,202,198,189,190,191,192,193,195,194,137,33,34,35,68,36,37,38,39,40,30,29,28,27,26,25,24,23,22,21,31,32,188,187,172,171,170,169,168,167,166,165,135,136,15,16,17,18,19,20,10,9,8,7,6,5,4,14,13,3,2]
[6075,3038,1,6076,2,3039,6077,3,3040,3041,4,6078,5,3042,6079,6,3043,6080,7,3044,6081,8,3045,6082,3046,9,6083,3047,6084,10,3048,11,6085,12,6086,3049,3050,13,6087,3051,14,6088,15,3052,6089,16,3053,6090,17,3054,6091,18,3055,6092,19,3056,6093,3057,20,6094,21,3058,6095,3059,22,6096,23,3060,6097,24,3061,6098,25,3062,6099,3063,26,6100,27,3064,6101,28,3065,6102,3066,29,6103,6104,30,3067,31,3068,6105,6106,32,3069,33,3070,6107,34,3071,6108,6109,35,3072,36,3073,6110,37,3074,6111,38,3075,6112,6113,39,3076,67,3104,6141,133,3170,6207,134,3171,6208,135,3172,6209,6210,136,3173,160,3197,6234,161,6235,3198,3199,6236,6237,163,3200,6238,164,3201,165,3202,6239,166,3203,6240,167,3204,6241,168,3205,6242,169,3206,6243,3207,170,6244,171,3208,6245,172,6246,3209,6247,173,3210,174,3211,6248,6249,3212,175,176,3213,6250,6251,177,3214,3215,178,6252,3216,179,6253,180,3217,6254,3218,6255,181,3220,183,6257,3221,6258,3222,185,6259,186,3223,6260,187,3224,6261,6262,188,3225,189,3226,6263,190,3227,6264,6265,191,3228,192,3229,6266,3230,193,6267,194,3231,6268,196,3233,6270,6271,197,3234,6272,198,3235,199,6273,3237,200,6274,3238,201,6275,202,3239,6276,6277,203,3240,3241,204,6278,205,3242,6279,206,3243,6280,207,3244,208,3245,6282,209,3246,6283,3361,324,6398,3362,325,6399,6400,326,3363,6401,327,3364,328,3365,329,6403,330,3367,6404,331,3368,6405,333,3370,6407,334,3371,335,3372,6409,3373,6410,6411,3374,338,3375,6412,339,3376,6413,3377,340,6414,3378,341,6415,342,3379,6416,343,3380,3381,344,6418,345,6419,3383,6420,346,6422,348,3385,349,3386,6423,350,3387,6424,351,3388,6425,3389,352,6426,353,3390,6427,3391,6428,354,3392,355,6429,3393,356,6430,357,3394,6431,6432,358,3395,359,3396,6433,360,3397,6434,361,3398,6435,362,3399,363,3400,6437,3401,364,6438,367,3404,6441,515,3552,6589,3553,516,6590,517,3554,6591,518,3555,6592,519,3556,6593,6594,520,3557,521,3558,6595,522,3559,6596,3560,523,6597,3561,524,6598,525,3562,6599,526,3563,6600,527,3564,6601,528,3565,6602,6603,529,3566,530,3567,6604,531,3568,6605,3569,532,6606,533,3570,6607,534,3571,6608,535,3572,536,3573,6610,537,3574,6611,538,3575,6612,542,3579,6616,543,3580,6617,3581,6618,544,546,3583,6620,6621,547,3584,548,3585,6622,549,6623,3586,3587,6624,550,6625,551,3588,3589,552,6626,553,3590,6627,554,3591,6628,6629,3592,555,556,3593,6630,3594,557,6631,558,3595,6632,3596,559,6633,6634,560,3597,561,3598,6635,6636,562,3599,563,3600,6637,6638,3601,565,3602,6639,3603,566,6640,6641,567,3604,6642,568,3605,569,3606,6643,570,3607,6644,6645,571,3608,572,3609,6646,3795,758,6832,6833,759,3796,760,3797,6834,761,3798,6835,762,3799,6836,763,3800,6837,764,3801,765,3802,6839,781,3818,6855,6856,782,3819,3820,783,6857,6858,784,3821,6859,785,3822,3823,786,6860]
[]
[]
[]
[]

Instancia: pcb3038-TTP
Tipo: uncorrelated
nItens:9111
Número de mochileiros: 4
GRASP utilizada: 0
Valor da fOBJ: 67654
