[52,2,11,7,14,17,13,42,33,30,51,21,27,9,47,10,26,41,28,3,12,8,29,43,23,4,31,25,18,6,20,19,16,45,50,15,22,5,32,46,49,24,44,38,35]
[103,104,105,55,56,57,109,110,111,112,113,114,115,116,117,118,119,120,121,122,123,124,125,126,127,128,129,130,131,132,133,134,85,139,142,143,144,43,146,147,148,150,151,152,153]

[52,2,11,7,14,17,13,42,33,30,51,21,27,9,47,10,26,41,28,3,29,5,4]
[103,104,3,106,57,110,111,112,114,115,118,122,127,128,129,130,131,134,142,143,148,152,153]
[52,2,11,7,14,17,13,42,33,30,51,21,27,9,47,10,26,41,28,8,12,19,44,3]
[52,2,6,109,59,60,61,62,63,64,16,18,71,76,77,78,80,83,91,92,43,97,101,102]

[52,2,11,7,14,17,13,42,33,30,51,21,27,9,47,19,5,3,4]
[103,2,3,106,57,110,112,114,115,118,18,122,128,131,134,143,46,152,153]
[52,2,11,7,14,17,13,42,33,30,51,21,27,9,47,41,50]
[52,6,59,61,63,64,16,71,77,80,83,142,92,97,49,101,102]
[14,9,13,42,11,21,33,30,27,3,47,10,26,41,12,2,5]
[1,104,4,8,60,10,62,12,13,20,127,26,29,32,91,41,148]

[52,2,11,7,14,17,13,42,33,30,51,19,5,3,4]
[103,2,3,106,57,112,114,115,118,18,131,134,143,152,153]
[52,2,11,7,14,17,13,42,33,30,51,21,6,50,5]
[52,4,56,6,61,63,64,16,122,80,83,92,49,101,102]
[14,9,13,42,11,21,33,30,27,41,44,2]
[1,110,10,12,13,71,128,29,32,142,41,43]
[27,9,47,10,26,41,28,3,12,7]
[104,108,59,111,113,127,77,129,91,148]

[52,2,11,7,14,17,13,9,44,6,3,4,5]
[103,2,3,4,107,57,8,112,114,115,118,43,153]
[52,2,11,7,14,17,13,42,33,30,43,50]
[52,6,61,63,64,16,131,134,143,144,49,102]
[14,9,13,42,11,21,33,30,5,7,2]
[1,106,108,110,10,12,13,122,80,83,92]
[33,42,51,21,27,9,47,8,34]
[58,59,71,128,32,84,41,97,152]
[27,3,47,10,26,41,28,19,6]
[104,56,111,18,127,77,129,142,148]
