FOBJ: 257749 Instancia: berlin52-TTP_n510_bounded strongly corr_07
Número de Mochileiros: 1
Grasp Utilizada: 0
[45,19,3,18,31,23,20,50,16,44,46,25,4,6,15,5,24,48,38,37,40,39,34,35,36,49,32,22]
[206,257,410,461,2,53,104,155,308,359,3,105,156,309,360,411,54,207,258,462,208,361,55,4,106,157,259,310,412,463,5,56,107,158,209,260,311,362,413,464,422,116,14,65,167,218,269,320,371,473,66,168,219,270,15,117,321,372,423,474,17,68,119,170,221,272,323,374,425,476,69,273,324,426,18,120,171,222,375,477,121,223,325,376,478,19,70,172,274,427,123,72,225,327,378,429,21,174,276,480,22,73,124,175,226,277,328,379,430,481,125,278,482,23,74,176,227,329,380,431,177,24,75,126,228,279,330,381,432,483,285,336,30,81,387,438,132,183,234,489,31,286,337,388,490,82,133,184,235,439,492,33,84,135,186,237,288,339,390,441,85,136,187,289,391,442,34,238,340,493,137,35,239,341,392,86,188,290,443,494,36,87,138,189,240,291,342,393,444,495,37,88,139,190,241,292,343,394,445,496,446,293,497,344,395,38,89,140,191,242,345,39,90,141,192,243,294,396,447,498,94,43,451,145,196,247,298,349,400,502,299,401,452,248,44,350,95,146,197,503,147,45,96,198,249,300,351,402,453,504,47,98,149,200,251,302,353,404,455,506,303,48,99,150,201,252,354,405,456,507,100,151,406,457,49,202,253,304,355,508]


FOBJ: 252126 Instancia: berlin52-TTP_n510_bounded strongly corr_07
Número de Mochileiros: 2
Grasp Utilizada: 0
[44,16,46,25,4,6,15,5,24,48,38,37,40,39,34,35,36,49,32,22]
[309,3,54,105,156,207,258,360,411,462,4,208,361,412,463,55,106,157,259,310,209,362,413,5,56,107,158,260,311,464,14,65,116,167,218,269,320,371,422,473,66,219,15,270,372,474,117,168,321,423,123,21,72,174,225,276,327,378,429,480,23,74,125,176,227,278,329,380,431,482,75,24,126,177,228,279,330,381,432,483,82,31,133,184,235,286,337,388,439,490,186,390,33,84,135,237,288,339,441,492,136,238,289,340,391,34,85,187,442,493,443,494,35,86,137,188,239,290,341,392,36,87,138,189,240,291,342,393,444,495,37,88,139,190,241,292,343,394,445,496,140,242,344,446,38,89,191,293,395,497,192,243,294,345,498,39,90,141,396,447,94,43,145,196,247,298,349,400,451,502,45,402,453,96,147,198,249,300,351,504,47,98,149,200,251,302,353,404,455,506,99,201,303,48,150,252,354,405,456,507]
[50,20,23,31,18]
[221,17,425,68,119,170,272,323,374,476,19,70,121,172,223,274,325,376,427,478,22,73,124,175,226,277,328,379,430,481,30,81,132,183,234,285,336,387,438,489,151,49,100,202,253,304,355,406,457,508]


FOBJ: 252830 Instancia: berlin52-TTP_n510_bounded strongly corr_07
Número de Mochileiros: 3
Grasp Utilizada: 0
[44,16,46,25,4,6,15,5,24,48,38,37,40,39,34,35,36,49,32]
[309,3,54,105,156,207,258,360,411,462,55,4,106,157,208,259,310,361,412,463,5,56,107,158,209,260,311,362,413,464,116,167,218,269,320,473,14,65,371,422,15,66,117,168,219,270,321,372,423,474,23,74,125,176,227,278,329,380,431,482,24,75,126,177,228,279,330,381,432,483,82,31,133,184,235,286,337,388,439,490,135,33,84,186,237,288,339,390,441,492,85,187,238,391,493,34,136,289,340,442,35,86,137,188,239,290,341,392,443,494,138,189,240,342,393,444,495,36,87,291,88,190,37,139,241,292,343,394,445,496,395,446,38,89,140,191,242,293,344,497,90,294,345,498,39,141,192,243,396,447,94,43,145,196,247,298,349,400,451,502,147,45,96,198,249,300,351,402,453,504,47,98,149,200,251,302,353,404,455,506,252,507,150,405,48,99,201,303,354,456]
[50,20,23,31,18]
[68,119,170,272,425,17,221,323,374,476,19,70,121,172,223,274,325,376,427,478,22,73,124,175,226,277,328,379,430,481,285,183,387,132,30,81,234,336,438,489,49,100,202,253,151,304,355,406,457,508]
[22]
[123,21,72,174,225,276,327,378,429,480]


FOBJ: 252830 Instancia: berlin52-TTP_n510_bounded strongly corr_07
Número de Mochileiros: 4
Grasp Utilizada: 0
[44,16,46,25,4,6,15,5,24,48,38,37,40,39,34,35,36,49,32]
[3,105,156,309,462,54,207,258,360,411,4,55,106,157,208,259,310,361,412,463,56,158,311,362,464,5,107,209,260,413,65,116,218,269,473,14,167,320,371,422,15,66,117,168,219,270,321,372,423,474,23,74,125,176,227,278,329,380,431,482,177,228,330,432,126,24,75,279,381,483,31,337,439,490,82,133,184,235,286,388,135,33,84,186,237,288,339,390,441,492,34,85,136,187,238,289,340,391,442,493,35,86,137,188,239,290,341,392,443,494,36,87,393,138,189,240,291,342,444,495,88,139,241,496,37,190,292,343,394,445,140,191,293,395,497,38,89,242,344,446,141,294,396,39,90,192,243,345,447,498,94,43,145,196,247,298,349,400,451,502,45,300,351,504,96,147,198,249,402,453,47,98,149,200,251,302,353,404,455,506,48,99,150,201,252,303,354,405,456,507]
[50,20,23,31,18]
[170,17,68,119,221,272,323,374,425,476,478,274,427,19,70,121,172,223,325,376,22,73,124,175,226,277,328,379,430,481,234,132,285,336,30,81,183,387,438,489,151,49,100,202,253,304,355,406,457,508]
[22]
[174,225,327,378,21,72,123,276,429,480]


FOBJ: 249028 Instancia: berlin52-TTP_n510_bounded strongly corr_07
Número de Mochileiros: 5
Grasp Utilizada: 0
[16,46,25,4,6,15,5,24,48,38,37,40,39,34,35,36,49,32]
[309,3,54,105,156,207,258,360,411,462,55,4,106,157,208,259,310,361,412,463,260,5,56,107,158,209,311,362,413,464,269,371,65,116,218,473,14,167,320,422,15,66,168,219,270,117,321,372,423,474,23,278,74,329,380,125,176,227,431,482,228,177,126,279,24,75,330,381,432,483,82,31,133,184,235,286,337,388,439,490,339,135,390,492,33,84,186,237,288,441,34,85,136,187,238,289,340,391,442,493,35,137,443,494,86,188,239,290,341,392,36,87,138,189,240,291,342,393,444,495,37,343,496,445,88,139,190,241,292,394,395,89,191,293,38,140,242,344,446,497,243,39,90,294,345,141,192,396,447,498,147,45,96,198,249,300,351,402,453,504,47,98,251,302,404,455,149,200,353,506,303,48,252,405,456,99,150,201,354,507]
[22]
[123,21,72,174,225,276,327,378,429,480]
[18,31,23,20,50]
[272,17,68,119,170,221,323,374,425,476,19,70,172,223,325,427,121,274,376,478,73,328,277,430,22,124,175,226,379,481,234,285,30,81,132,183,336,387,438,489,355,508,100,151,253,49,202,304,406,457]
[44]
[196,247,349,451,502,43,94,145,298,400]


